0.650151 142
0.003089 17
0.922296 24
2.161311 1
0.043877 1
0.153892 1
0.128599 1
0.354640 1
0.070863 1
0.213366 1
0.047242 1
0.100682 1
0.209968 1
0.083453 1
0.085948 1
0.058919 1
0.189896 1
0.611900 1
0.154874 1
0.056089 1
0.153883 1
0.748406 1
1.215651 1
0.036763 1
0.107242 1
0.065602 1
0.116170 1
0.277495 1
0.203307 1
1.143548 4
1.553404 1
1.342643 1
0.941539 3
0.000333 15
1.518959 51
0.000020 131
0.000033 39
0.000026 138
0.000024 60
0.000008 47
0.000016 39
0.000016 47
0.000015 11
0.000008 12
0.000015 15
0.000015 133
0.000008 41
0.000017 81
0.000025 92
0.000007 12
0.000024 39
0.000008 47
0.000017 11
0.000008 12
0.000016 15
0.000017 133
0.000009 41
0.000013 153
0.000021 117
0.000019 47
0.000017 39
0.000011 47
0.000018 23
0.000021 15
0.000015 172
0.000019 138
0.000023 107
0.000010 39
0.000008 47
0.000019 23
0.000018 15
0.000012 172
0.000021 138
0.000016 104
0.000019 39
0.000020 47
0.000010 23
0.000019 15
0.000020 139
0.000008 47
0.000010 81
0.000019 57
0.000009 57
0.000018 47
0.000016 39
0.000008 47
0.000019 23
0.000019 15
0.000021 141
0.000008 49
0.000009 81
0.000016 57
0.000008 57
0.000017 47
0.000017 39
0.000068 226
0.000012 130
0.000021 114
0.000018 47
0.000015 39
0.000009 47
0.000019 23
0.000019 15
0.000019 129
0.000009 37
0.000018 81
0.000009 57
0.000018 60
0.000008 57
0.000018 47
0.000024 39
0.000009 47
0.000020 23
0.000021 15
0.000018 130
0.000009 38
0.000017 81
0.000009 57
0.000018 60
0.000010 57
0.000010 47
0.000020 39
0.000010 47
0.000015 11
0.000010 12
0.000010 15
0.000014 128
0.000009 36
0.000012 81
0.000009 117
0.000019 57
0.000018 47
0.000017 39
0.000012 47
0.000009 23
0.000018 15
0.000017 146
0.000023 135
0.000018 57
0.000021 104
0.000020 39
0.000018 58
0.000019 12
0.000017 15
0.000019 146
0.000008 54
0.000017 81
0.000009 57
0.000017 57
0.000009 47
0.000018 39
0.000019 58
0.000018 12
0.000016 15
0.000018 146
0.000008 54
0.000018 81
0.000008 57
0.000015 57
0.000014 47
0.000015 39
0.000014 47
0.000024 38
0.000018 132
0.000007 40
0.000015 81
0.000015 57
0.000010 60
0.000015 104
0.000017 39
0.000014 58
0.000016 27
0.000017 128
0.000008 36
0.000009 81
0.000009 57
0.000008 60
0.000014 104
0.000024 39
0.000011 47
0.000015 23
0.000016 15
0.000008 131
0.000009 39
0.000007 81
0.000015 57
0.000008 117
0.000015 47
0.000007 39
0.000015 58
0.000015 27
0.000017 129
0.000009 37
0.000009 81
0.000008 57
0.000008 60
0.000007 57
0.000014 47
0.000009 39
0.000007 47
0.000013 23
0.000015 15
0.000009 146
0.000008 54
0.000007 63
0.000015 117
0.000014 57
0.000007 47
0.000007 39
0.000015 58
0.000015 27
0.000017 146
0.000009 54
0.000010 63
0.000012 114
0.000015 47
0.000008 39
0.000007 47
0.000014 23
0.000015 15
0.000007 130
0.000014 95
0.000015 57
0.000008 47
0.000008 39
0.000015 58
0.000015 27
0.000017 130
0.000024 155
0.000007 57
0.000015 47
0.000008 39
0.000013 58
0.000015 27
0.000017 133
0.000008 41
0.000007 57
0.000015 104
0.000017 39
0.000017 58
0.000010 12
0.000017 15
0.000018 125
0.000010 33
0.000015 57
0.000008 57
0.000016 47
0.000018 39
0.000016 58
0.000019 12
0.000016 15
0.000017 125
0.000008 33
0.000017 57
0.000009 57
0.000017 47
0.000010 39
0.000018 47
0.000015 11
0.000009 12
0.000018 15
0.000018 158
0.000019 57
0.000017 57
0.000008 47
0.000019 39
0.000018 47
0.000007 11
0.000016 12
0.000008 15
0.000018 135
0.000018 100
0.000019 57
0.000016 47
0.000035 39
0.000016 58
0.000018 12
0.000018 15
0.000016 125
0.000008 33
0.000020 57
0.000008 57
0.000016 47
0.000018 39
0.000010 47
0.000010 11
0.000008 12
0.000010 15
0.000017 126
0.000008 34
0.000018 57
0.000026 57
0.000016 47
0.000017 39
0.000017 47
0.000027 11
0.000007 12
0.000017 15
0.000017 137
0.000009 45
0.000017 57
0.000009 57
0.000015 47
0.000017 39
0.000015 58
0.000018 12
0.000017 15
0.000018 137
0.000019 102
0.000018 57
0.000009 47
0.000016 39
0.000011 47
0.000009 11
0.000011 27
0.000018 125
0.000010 33
0.000009 57
0.000016 57
0.000008 47
0.000018 39
0.000018 47
0.000009 11
0.000008 12
0.000017 15
0.000041 139
0.000012 47
0.000020 57
0.000022 60
0.000047 104
0.000030 39
0.000016 47
0.000026 18
0.000024 3
0.000022 3
0.177595 163
0.002627 17
2.590863 30
0.699510 1
1.358328 1
0.532706 1
0.195434 1
0.068979 1
0.175244 1
0.078317 1
0.105566 1
0.613015 1
0.130483 1
0.479896 1
1.844006 65
1.159693 2
0.000243 15
1.439068 407
0.000023 160
0.000016 144
0.127279 174
0.001323 17
6.603896 41
1.640160 4
0.094186 4
0.107823 4
0.098106 4
0.102080 4
0.093709 4
0.111221 4
0.102086 4
0.111416 4
0.130157 4
0.894945 1
0.110436 1
0.271540 1
0.218056 1
0.308212 1
0.057120 1
0.063550 1
1.114384 1
3.251625 1
1.509363 1
0.114478 1
0.679765 1
0.223795 1
0.116832 1
0.397068 1
0.259914 1
0.409123 1
0.102087 1
0.159542 1
0.272373 1
0.196600 1
1.070794 1
0.173879 1
0.967954 1
0.382615 1
0.453754 1
0.611459 1
2.071116 10
0.000015 72
1.119246 2
0.001040 15
1.057059 161
0.000017 122
0.000038 91
0.000029 31
0.000010 39
0.000024 6
0.099739 191
0.001115 17
2.969631 58
1.887783 1
0.778902 3
0.840347 3
2.169251 3
0.101636 3
0.127447 3
0.224218 3
0.606156 7
0.144014 7
0.112182 7
0.594053 3
0.096975 3
0.198396 3
0.125506 3
0.627964 3
0.113637 3
0.090260 3
0.163522 3
2.580955 3
0.052354 3
0.293774 3
0.088601 3
0.094527 3
0.181183 3
0.099607 270
0.357273 3
0.134081 3
0.097709 3
0.086170 3
0.199458 3
0.122889 3
1.638074 3
1.682983 108
1.127517 2
0.000839 15
2.035465 47
0.182832 216
0.002257 17
7.113229 83
1.804769 1
0.987505 1
0.115099 1
0.371309 1
0.066505 1
0.139278 1
0.128465 1
0.058611 1
0.119293 1
0.157388 1
0.461491 4
0.100900 4
0.207753 4
0.098968 4
0.092718 4
0.113125 4
0.463813 4
0.533926 1
0.066405 1
0.203158 1
0.582756 4
0.155190 4
0.183596 4
0.406339 1
0.197591 1
0.165864 1
0.178457 1
0.044352 1
0.101352 1
0.667855 1
0.239121 1
0.080141 1
0.180134 1
0.107280 1
1.754420 2
0.000761 15
1.584675 27
0.110565 230
0.001043 17
1.613266 97
7.458128 1
0.502154 1
0.029474 1
0.030297 1
0.031219 1
0.028647 1
0.030446 1
0.028504 1
0.030332 1
0.031137 1
0.028766 1
0.030519 1
0.029622 1
0.030098 1
0.029128 1
0.030123 1
0.029870 1
0.030386 1
0.030465 1
0.029104 1
0.030886 1
0.029783 270
0.030199 1
0.030093 1
0.030823 1
0.029384 1
0.028701 1
0.030780 1
0.031603 1
0.030389 1
0.028513 1
0.028822 1
0.030446 1
0.030459 1
0.029829 1
0.030530 1
0.028885 1
0.030303 1
0.029970 1
0.030198 1
0.030297 1
0.029594 1
0.368413 3
0.377108 234
1.874492 270
2.029059 5
0.000204 15
1.098256 56
0.000093 57
0.000030 28
0.000013 35
0.000028 37
0.000013 37
0.000026 25
0.000012 26
0.000028 24
0.000026 42
0.000012 42
0.000025 42
0.000022 28
0.000021 24
0.000020 27
0.000022 25
0.000020 42
0.000019 42
0.000022 26
0.000020 26
0.000021 29
0.000020 21
0.000018 21
0.000021 21
0.000020 31
0.000020 21
0.000025 55
0.000029 33
0.000026 21
0.000011 35
0.123137 229
0.000981 17
4.377089 96
1.731324 1
1.276150 1
0.477871 1
0.277743 1
0.064681 1
0.150301 1
0.074620 1
0.053272 1
0.172931 1
0.181458 1
0.151069 1
0.513037 1
0.402437 1
0.188172 1
0.181157 1
0.188823 1
0.175348 1
0.711284 1
0.158668 1
0.141974 1
0.045454 1
0.160373 1
0.063605 1
0.114765 1
0.198291 1
0.167817 1
1.592634 2
0.000388 15
1.133541 84
0.112615 255
0.001123 17
5.052728 122
0.813556 1
0.609612 1
0.262039 1
0.238063 1
0.123929 1
0.117429 1
0.242733 1
0.158644 1
0.147087 1
0.230643 1
0.553289 1
0.367146 1
0.673747 158
3.078093 2
0.000599 15
1.128469 90
0.007938 267
0.001401 17
8.453590 1
0.095450 1
0.112370 1
0.216202 1
0.329144 1
0.137742 1
3.499168 2
0.000367 15
1.090160 276
0.007488 139
0.000986 17
11.225120 6
