0.369481 153
0.000163 5
1.063417 12
0.785015 1
0.041692 1
0.131068 1
0.130326 1
0.082401 1
0.098469 1
0.115708 1
0.059148 1
0.199305 1
1.043864 2
0.000346 15
1.090803 474
0.005585 142
0.000033 3
0.000015 2
5.949352 1
0.054200 1
0.085777 1
0.157539 1
0.082871 1
0.130696 1
0.126670 1
0.077862 1
0.758478 1
0.556572 1
0.063002 1
0.087636 1
1.962162 2
0.000421 15
0.041817 47
0.006331 145
0.000092 5
5.285878 12
0.211459 8
0.957839 1
0.440574 1
0.321702 1
0.259987 1
0.029368 1
0.156103 1
0.123360 1
0.129010 1
0.122617 1
0.154131 1
0.064068 1
0.185980 1
0.804395 1
0.069904 1
0.072462 1
5.252453 2
1.000253 15
1.752400 390
0.005753 157
0.000040 3
0.000007 2
10.423892 24
5.669835 1
0.536342 1
0.271094 1
0.374355 1
0.062315 1
0.091461 1
0.606527 1
0.440605 1
0.484988 296
1.775263 1
0.061732 1
0.372612 7
1.343720 2
0.001413 15
2.831031 159
0.005721 173
0.000095 5
3.268316 12
2.354384 1
0.055674 1
0.113402 1
0.117561 1
0.279089 1
0.052716 1
0.113280 1
0.127368 1
0.146639 1
0.520760 1
0.042210 1
0.098005 1
0.128062 1
0.086665 1
0.277368 1
0.081706 1
0.059014 1
0.156667 1
0.566025 1
0.075684 1
0.184564 1
0.595689 2
0.000316 15
0.043583 492
0.005919 154
0.000086 5
61.177073 1
0.052595 1
0.148850 1
0.115137 1
0.321458 1
0.065252 1
0.076339 1
0.153379 1
0.126568 1
0.530923 1
0.083884 1
0.130456 1
0.126248 1
0.146988 7
1.254501 2
0.000452 15
0.042885 106
0.006173 153
0.000112 5
11.697056 6
