0.364806 172
0.000302 5
0.607560 12
1.328746 1
0.065132 1
0.125214 1
0.128303 1
0.133237 1
0.081299 1
0.213926 1
0.084472 1
0.222401 1
0.585083 2
0.000386 15
1.132609 328
0.000014 82
0.000009 164
0.000019 82
0.000007 82
0.000025 82
0.000007 82
0.000006 82
0.000014 82
0.000007 82
0.000013 82
0.005831 142
0.000013 3
0.000006 2
2.245621 1
0.039686 1
0.126289 1
0.510275 6
0.875575 1
0.413253 1
0.252551 1
0.121131 1
0.051726 1
0.136794 1
0.069979 1
0.057879 1
0.222802 1
0.144022 1
0.072779 1
0.164574 1
0.171745 1
0.055851 1
0.128121 1
0.804522 2
0.000426 15
1.086027 297
0.005689 157
0.000086 5
2.967199 24
0.790836 1
0.948737 1
0.428313 1
0.267121 1
0.051368 1
0.087759 1
0.141985 1
0.078076 1
0.099994 1
0.152052 1
0.064482 1
0.123134 1
0.414617 1
0.487235 740
4.014022 1
0.056908 1
0.133926 1
1.568635 2
0.001307 15
1.876541 195
0.006053 175
0.000012 2
14.712545 2
0.000155 2
0.014781 172
0.000201 5
0.540767 6
