0.337022 142
0.000159 5
1.425645 12
1.110814 1
0.030951 1
0.117014 1
0.099724 1
0.116192 1
0.076564 1
0.154048 1
0.055019 1
0.165314 1
0.432782 2
0.000331 15
0.947980 237
0.006146 142
0.000104 5
5.876865 9
0.554470 1
0.536399 1
0.298822 1
0.221020 1
0.105843 1
0.128137 1
0.518584 4
0.148863 4
0.347121 1
0.152828 1
0.112750 1
0.088299 1
0.195101 1
0.118293 1
0.068439 1
0.492783 1
0.370199 1
0.452333 306
0.000045 163
0.000088 116
0.000019 59
0.000036 81
3.432281 1
0.248496 1
0.063535 1
0.827049 1
0.190020 5
0.789684 1
0.097788 14
1.909745 2
0.002170 15
1.697449 49
0.891966 49
0.892733 49
0.096129 176
0.000039 5
2.070610 2
0.000158 2
0.009434 176
0.000011 5
0.594194 6
