1.043272 163
0.001816 17
0.582652 24
1.830176 1
0.049250 1
0.190506 1
0.173680 1
0.835766 1
0.072598 1
0.241032 1
0.042138 1
0.114223 1
0.180829 1
0.111063 1
1.248791 8
0.620717 1
0.055647 1
0.044434 1
0.089454 1
0.086979 1
0.210658 1
0.118462 1
0.085123 1
0.172152 1
0.109209 1
1.562451 1
1.127682 1
0.882869 1
0.301018 2
0.000413 15
1.976642 51
0.000078 308
0.000047 107
0.000029 39
0.000067 60
0.000056 25
0.000045 133
0.000069 179
0.000034 47
0.000096 97
0.000139 160
0.000034 137
0.000072 117
0.000047 104
0.000063 39
0.000050 58
0.000058 27
0.000042 132
0.000025 40
0.000042 138
0.000123 204
0.000050 27
0.000040 132
0.000023 40
0.000023 81
0.000028 114
0.000040 86
0.000059 58
0.000048 12
0.000026 15
0.000032 186
0.000052 81
0.000027 114
0.000045 47
0.000044 39
0.000025 47
0.000024 11
0.000026 27
0.000043 141
0.000029 130
0.000048 57
0.000026 104
0.000122 109
0.000047 15
0.000030 141
0.000025 49
0.000038 81
0.000025 57
0.000022 57
0.000023 47
0.000040 39
0.000022 47
0.000020 11
0.000042 12
0.000043 15
0.000043 166
0.000042 81
0.000023 117
0.000042 57
0.000023 47
0.000045 39
0.000025 58
0.000045 12
0.000023 15
0.000042 130
0.000026 38
0.000029 81
0.000026 57
0.000023 117
0.000043 47
0.000022 39
0.000044 58
0.000045 12
0.000024 15
0.000025 164
0.000045 81
0.000025 57
0.000026 60
0.000027 57
0.000018 47
0.000047 39
0.000044 58
0.000043 12
0.000024 15
0.000041 200
0.000043 81
0.000025 114
0.000041 47
0.000046 39
0.000025 47
0.000027 11
0.000029 12
0.000047 15
0.000059 146
0.000072 135
0.000044 114
0.000051 47
0.000046 39
0.000052 47
0.000025 11
0.000025 12
0.000046 15
0.000042 146
0.000025 54
0.000043 81
0.000026 57
0.000040 57
0.000025 47
0.000047 39
0.000063 47
0.000088 38
0.000051 132
0.000025 40
0.000046 81
0.000038 57
0.000020 60
0.000123 143
0.000061 58
0.000063 27
0.000069 164
0.000052 81
0.000037 57
0.000024 60
0.000036 57
0.000021 47
0.000057 39
0.000045 58
0.000044 12
0.000045 15
0.000038 131
0.000049 39
0.000045 81
0.000023 57
0.000041 60
0.000027 57
0.000038 47
0.000124 253
0.000047 37
0.000039 81
0.000037 57
0.000039 60
0.000104 190
0.000037 11
0.000051 15
0.000018 12
0.000014 146
0.000039 54
0.000025 63
0.000022 57
0.000034 164
0.000065 86
0.000047 38
0.000067 200
0.000054 120
0.000041 104
0.000054 86
0.000055 23
0.000031 15
0.000017 130
0.000037 38
0.000061 161
0.000045 86
0.000037 11
0.000034 12
0.000035 15
0.000017 130
0.000067 155
0.000061 104
0.000044 86
0.000053 38
0.000041 174
0.000041 114
0.000062 86
0.000037 58
0.000035 12
0.000084 173
0.000023 57
0.000029 104
0.000046 39
0.000104 243
0.000058 161
0.000040 86
0.000035 23
0.000033 15
0.000018 125
0.000017 33
0.000017 57
0.000031 104
0.000040 86
0.000032 23
0.000032 15
0.000018 135
0.000031 100
0.000037 104
0.000041 39
0.000018 58
0.000032 27
0.000037 125
0.000017 33
0.000016 57
0.000017 57
0.000031 86
0.000043 58
0.000057 27
0.000042 126
0.000017 34
0.000021 57
0.000016 57
0.000028 47
0.000017 39
0.000015 47
0.000031 23
0.000039 15
0.000019 182
0.000033 114
0.000032 47
0.000016 39
0.000034 58
0.000035 27
0.000037 182
0.000046 114
0.000015 47
0.000037 86
0.000034 23
0.000032 15
0.000017 125
0.000031 90
0.000036 104
0.000039 39
0.000016 47
0.000018 11
0.000017 12
0.000014 15
0.000038 186
0.000036 117
0.000036 104
0.000033 39
0.000017 47
0.000035 11
0.000018 7
0.000030 6
0.189045 163
0.002311 17
3.312413 30
0.987035 1
0.491583 1
0.239716 1
0.302606 1
0.059829 1
0.204265 1
0.072618 1
0.097589 1
0.644810 1
0.143341 1
0.450499 1
1.461859 65
2.087597 2
0.000280 15
2.158427 555
0.000036 23
0.000016 133
0.168451 174
0.002480 17
3.514601 41
0.705129 4
0.098980 4
0.099149 4
0.096128 4
0.090268 4
0.110705 4
0.106575 4
0.114395 4
0.233999 4
0.233353 4
2.464370 1
0.111142 1
0.233528 1
0.178882 1
0.302601 1
0.046496 1
0.081288 1
0.126101 1
0.628000 1
1.623250 1
0.189528 1
0.668927 4
0.420931 1
0.077323 1
0.216485 1
0.130735 1
0.477405 1
0.275430 1
0.290490 1
0.097354 1
0.211490 1
0.223184 1
0.124106 1
0.093288 1
0.159106 1
1.912061 1
0.718465 1
0.438613 1
0.624929 1
1.157037 10
0.000016 72
1.107419 2
0.001104 15
1.064391 234
0.000040 49
0.000009 52
0.000028 39
0.000020 31
0.000093 45
0.120818 191
0.001158 17
1.212771 58
1.512552 4
6.214506 1
1.316011 1
1.458675 1
0.108785 1
0.112419 1
0.195051 1
0.132040 1
0.278273 1
0.102225 1
0.096190 1
0.143325 1
0.616820 1
0.153477 1
0.123391 1
0.110916 1
0.126964 1
0.127015 1
0.108346 1
0.316570 19
0.519179 15
0.095907 3
0.112799 3
0.274196 3
0.131772 3
0.137616 3
0.148556 3
0.127636 3
0.894270 1
1.478145 1
3.028638 2
0.000429 15
1.439064 23
0.103764 203
0.001212 17
1.734162 70
2.822667 1
0.138428 1
0.696560 5
0.326735 5
2.600469 5
0.133409 5
0.093975 5
0.143544 268
0.251517 270
0.071578 4
0.066160 5
0.117573 5
0.642344 5
0.105576 5
0.044236 5
0.153520 5
4.560362 1
0.157135 1
0.139572 1
0.124158 1
0.131770 1
0.124608 1
0.136323 270
0.139689 1
0.138871 1
0.134240 1
0.128361 1
0.129464 1
0.543728 246
0.137224 246
0.087065 246
0.183381 246
0.129319 246
0.392678 16
0.135258 19
0.067102 22
0.098260 25
0.153158 28
0.142469 31
0.740672 34
0.055309 37
0.519458 3
0.499963 3
0.030542 3
0.029578 3
0.029987 3
0.030192 3
0.031013 3
0.029661 3
0.030726 3
0.028641 3
0.030331 3
0.210905 3
0.612121 5
0.219695 5
0.519622 5
0.542994 5
0.055277 5
0.128721 5
0.471823 5
0.153970 5
0.150210 5
0.058587 5
0.106475 5
0.092657 5
0.153620 5
2.983330 5
0.144187 5
0.048076 5
0.150867 5
1.319755 10
0.000016 130
5.495535 6
2.383227 2
0.025029 72
0.000851 59
0.000151 9
0.009531 45
0.001211 2008
0.000061 228
0.020346 100
0.002235 2033
0.000064 259
1.820310 21
0.000283 36
0.179092 21
0.000320 39
0.187211 22
0.000293 38
0.295279 22
0.000309 38
0.193064 22
0.000303 39
0.181382 22
0.000294 38
0.263597 22
0.000548 39
0.238150 22
0.000268 38
0.291080 22
0.001702 80
0.296762 22
0.001119 64
0.362895 22
0.001479 81
0.346876 22
0.002092 69
0.801816 22
0.002278 86
0.244524 117
0.303511 99
0.124306 99
0.714854 99
0.644475 109
0.330565 99
0.729611 109
0.615028 38
0.100235 16
0.001643 31
0.514178 21
0.000654 36
0.330662 21
0.000551 39
0.360693 22
0.000617 38
0.358880 22
0.001979 86
0.174738 132
0.394578 88
0.122426 88
0.211767 38
0.100372 16
0.002509 31
0.960051 22
0.100292 55
0.981315 21
0.000384 36
0.390221 21
0.000266 39
0.613210 22
0.000638 86
0.180113 119
0.284478 75
0.126301 75
0.193760 38
0.100197 16
0.000556 31
0.312251 21
0.000265 36
0.369530 21
0.000353 39
0.686692 22
0.000555 86
0.195639 105
0.619229 61
0.259546 61
0.247999 38
0.100274 16
0.000563 31
0.409504 21
0.000310 36
0.368221 21
0.000353 36
0.499711 21
0.000292 36
0.029594 21
0.000467 36
0.029541 21
0.000272 36
0.030287 21
0.000312 36
0.029952 21
0.000256 36
0.029139 21
0.000306 36
0.030116 21
0.000351 39
0.030461 22
0.000405 38
0.028121 22
0.000368 38
0.029799 22
0.000347 38
0.030066 22
0.000234 38
0.029205 22
0.000464 38
0.030238 22
0.000445 38
0.029872 45
0.029132 44
0.029977 22
0.000061 22
0.030211 44
0.030363 22
0.000018 22
0.030259 44
0.036717 22
0.000049 33
0.000561 49
0.179073 22
0.000418 38
0.314584 22
0.000026 33
0.000424 49
0.214681 22
0.000524 41
0.208831 55
0.000999 49
0.439544 23
0.100223 58
0.248646 49
0.000053 6
0.115242 1
0.061503 1
0.109986 1
0.000150 14
0.000182 21
0.000375 17
0.002485 62
0.001967 91
0.000026 17
0.000015 21
1.527266 113
0.103501 17
1.327071 61
0.000015 32
0.000045 38
1.007124 1
0.469421 1
0.099564 1
0.403242 1
0.043308 1
0.182833 1
0.101349 1
0.055012 1
0.128968 1
0.912540 1
0.257221 1
0.053753 1
0.182404 1
0.113079 1
0.820546 100
0.000015 35
0.000030 34
1.649834 2
0.000444 15
1.048332 77
0.127485 274
0.001150 17
3.859743 145
0.901965 1
0.704375 1
0.245913 1
0.179705 1
0.059407 1
0.126533 1
0.239183 1
0.162778 1
0.153673 1
1.251818 1
0.261712 1
0.415740 1
1.240547 181
0.895848 2
0.000462 15
1.279907 80
0.008648 286
0.001082 17
2.160120 157
2.077118 1
0.500499 1
0.030249 1
0.029725 1
0.030793 1
0.485177 55
0.376129 3
0.500128 3
0.029414 3
0.031157 3
0.029464 3
0.030122 3
0.030592 3
0.031247 3
0.028608 3
0.030263 3
0.028470 3
0.032266 3
0.028280 3
0.031606 3
0.028944 3
0.029587 3
0.029636 3
0.031196 3
0.029233 3
0.029558 3
0.030539 3
0.030676 3
0.029224 3
0.029613 3
0.030103 3
0.030066 3
0.029497 3
0.030721 3
0.029732 3
0.031910 3
0.029339 3
0.028717 3
0.031302 3
0.029393 3
0.030902 3
0.029613 3
0.030081 3
0.029294 3
0.029985 3
0.031169 3
0.028977 3
0.030541 3
0.029623 3
0.030330 3
0.031149 3
0.028934 3
0.029345 3
0.030329 3
0.030262 3
0.030383 3
0.030348 3
0.029722 3
0.029545 3
0.030951 3
0.029301 3
0.426206 3
0.369088 11
1.981654 11
0.000538 15
2.192778 265
0.000096 170
0.000083 150
0.000046 75
0.000043 95
0.000020 95
0.000058 170
0.000049 150
0.000049 95
0.000038 95
0.000075 190
0.000087 245
0.000039 95
0.000019 75
0.000036 75
0.000021 75
0.000041 150
0.000042 75
0.000032 75
0.000021 75
0.000036 75
0.000036 75
0.000045 95
0.014789 285
0.002638 17
6.364574 18
7.866176 6
