0.365813 142
0.000214 5
1.031163 12
0.741480 1
0.047030 1
0.130486 1
0.138243 1
0.113279 1
0.070851 1
0.162102 1
0.058884 1
0.212531 1
0.562340 2
0.000298 15
1.100904 820
0.000015 164
0.000009 164
0.000006 82
0.005734 142
0.000124 5
7.593640 9
0.779373 1
0.572183 1
0.322640 1
0.208538 1
0.047018 1
0.183325 1
0.084178 1
0.050740 1
0.461456 1
0.204556 1
0.072594 1
0.153740 1
0.134773 1
0.094463 1
0.135728 1
1.846845 2
0.000448 15
1.177419 297
0.005802 157
0.000100 5
4.850929 24
0.669491 1
0.619370 1
0.277094 1
0.306192 1
0.047317 1
0.083450 1
0.138164 1
0.060428 1
0.125658 1
0.118304 1
0.065646 1
0.813412 1
0.982380 1
0.051656 1
0.139077 1
1.879568 51
1.331312 2
0.000434 15
1.848885 195
0.005742 172
0.000037 5
3.255627 1
0.045652 1
0.094899 1
0.122984 1
0.086958 1
0.103070 1
0.152984 1
0.077686 1
0.119588 1
2.193698 2
0.000194 2
0.014690 172
0.000269 5
0.568508 6
