0.373956 164
0.000179 5
0.680238 12
1.144070 1
0.051882 1
0.237109 1
0.112292 1
0.127696 1
0.133630 1
0.106431 1
0.058920 1
0.202627 1
0.867079 2
0.000470 15
1.179539 328
0.000020 164
0.000015 82
0.000006 82
0.000006 82
0.000013 164
0.000018 82
0.005633 142
0.000097 5
3.578080 1
0.080276 1
0.062537 1
0.111570 1
0.113770 1
0.447513 1
0.233764 1
0.716576 1
0.050135 1
0.076331 1
0.208277 1
0.249859 1
0.044572 1
0.236087 15
1.136762 1
0.225919 2
0.000346 15
3.552688 167
35.233790 1
0.040426 1
0.101246 1
0.127165 1
0.080515 1
0.100868 1
0.130073 1
0.072706 1
0.192503 1
0.148912 2
0.000350 15
1.173063 1020
0.005961 142
0.000032 5
93.481430 1
0.061972 1
0.104562 1
0.123406 1
0.088388 1
0.134068 1
0.122805 1
0.077544 1
0.176344 1
0.223432 2
0.000385 15
1.136068 984
0.005896 142
0.000165 5
3.877045 9
0.638566 2
0.000068 15
1.053127 984
0.005765 142
0.000085 5
16.396525 6
