0.386349 176
0.000163 5
0.809594 12
1.114030 1
0.050205 1
0.101399 1
0.118961 1
0.099033 1
0.081566 1
0.141591 1
0.057443 1
0.207898 1
1.049026 2
0.000331 15
1.033911 237
0.005807 142
0.000063 5
3.750283 1
0.038953 1
0.139321 1
0.103727 1
0.109559 1
0.126302 1
0.130545 1
0.078800 1
0.176291 1
2.455191 1
0.718546 388
0.000038 81
0.000039 116
0.000135 128
7.668190 1
0.057250 1
0.225694 1
1.584151 2
0.000352 15
0.044161 47
0.005130 145
0.000103 5
15.572639 12
0.620141 1
0.036930 1
0.105525 1
0.125947 1
0.088912 1
0.095068 1
0.145433 1
0.056123 1
0.110615 1
0.788363 1
0.077986 1
0.048096 1
0.209928 1
3.769632 1
0.356356 1
1.374311 2
0.882345 1
0.971072 88
0.954528 88
2.857896 1
0.177905 1
1.086327 15
2.155856 1
0.364485 1
0.391959 1
1.117554 1
0.221083 1
2.089722 15
0.883675 1
0.870754 1
0.737536 1
0.299082 1
0.797410 1
1.301420 15
1.257154 2
0.000579 15
0.984179 195
0.005963 206
0.000088 5
4.552507 1
0.045706 1
0.126098 1
0.109227 1
0.098361 1
0.091366 1
0.138332 1
0.046635 1
0.197107 1
0.824969 1
0.711267 1
0.501668 1
0.671720 1
0.040161 1
0.071885 1
0.134340 1
0.083191 1
0.096498 1
0.128397 1
0.072571 1
0.095283 1
1.884161 1
0.055031 1
0.222969 1
0.685347 2
0.000362 15
1.860319 195
0.005991 157
0.000092 5
11.518069 12
0.765081 24
1.742627 2
0.000169 15
1.971507 195
0.005906 157
0.000038 3
0.000013 2
1.599559 24
0.580202 1
0.487357 1
0.238100 1
0.197327 1
0.069000 1
0.070342 1
0.671338 1
0.317866 1
0.561885 263
0.000144 33
3.832736 1
0.038541 1
0.311041 7
1.074490 2
0.001502 15
2.800555 159
0.005986 173
0.000022 5
6.946195 40
0.818048 4
0.102120 4
0.085770 4
0.099357 4
0.112493 4
0.092067 4
0.103928 4
0.132649 4
0.251319 4
0.420632 1
0.056303 1
0.277908 1
0.057174 1
0.442898 4
0.277487 14
1.928197 1
3.856726 2
0.000187 2
0.014359 173
0.000281 5
3.563186 6
