0.376563 173
0.000203 5
1.021625 12
1.810592 1
0.047416 1
0.134917 1
0.115316 1
0.086678 1
0.099135 1
0.142903 1
0.072457 1
0.187952 1
1.323495 2
0.000430 15
1.026242 237
0.005698 142
0.000140 5
14.986051 9
0.815890 1
0.573433 1
0.416587 1
0.346089 1
0.056798 1
0.093385 1
0.109155 1
0.110495 1
0.071669 1
0.174049 1
0.082126 1
0.109141 1
1.008829 1
0.919969 388
0.000045 137
0.000050 177
0.000024 23
7.129630 1
0.061465 1
0.109311 1
4.492788 36
1.869990 2
0.000849 15
1.796121 195
0.005784 157
0.000041 3
0.000015 2
8.042877 24
1.304249 1
2.444772 1
1.828570 1
0.463476 1
0.069460 1
0.617800 1
0.418818 1
1.174183 1
1.190358 263
0.000039 33
6.232957 1
0.042418 1
0.287627 1
0.120140 6
1.480553 2
0.001540 15
2.818954 159
0.005913 173
0.000050 5
6.591417 40
1.072078 4
0.121885 4
0.071762 4
0.096257 4
0.089144 4
0.093940 4
0.143368 4
0.217490 4
0.204306 4
0.419892 1
0.068845 1
0.300941 1
0.179814 14
1.786889 1
0.516381 2
0.002030 15
4.545124 182
0.000093 5
2.327309 49
0.666040 31
2.522463 2
0.000177 15
2.873053 159
0.005798 173
0.000103 5
7.828929 12
1.195480 1
0.050642 1
0.172892 1
0.086317 1
0.135506 1
0.090107 1
0.139696 1
0.254560 1
0.675960 4
0.199064 1
0.177273 1
1.465262 2
0.000373 15
1.134277 316
0.005855 142
0.000078 5
7.674440 9
1.412891 2
0.000193 15
1.032982 395
0.005875 142
0.000083 5
8.985697 9
1.323485 1
0.873981 1
0.596609 1
0.345264 1
0.466782 1
0.118488 1
0.212383 1
0.572316 4
0.134642 4
0.154018 4
0.326917 1
0.274509 1
0.128159 1
0.120279 1
0.355437 1
0.165619 3
0.895604 1
0.270710 1
0.165733 1
0.056706 1
0.234704 6
0.938221 1
0.049884 1
0.744028 2
0.002645 15
1.140012 53
0.890893 474
0.000921 35
1.961519 1
0.000179 2
0.958956 432
0.005639 164
0.000112 5
9.452347 6
