0.376379 142
0.000162 5
1.067695 12
1.113281 1
0.054800 1
0.103516 1
0.156446 1
0.072913 1
0.110352 1
0.131620 1
0.057397 1
0.164334 1
0.639219 2
0.000363 15
0.951458 474
0.005812 142
0.000029 5
14.459816 9
0.375704 2
0.000153 15
1.074972 474
0.005945 142
0.000101 5
2.768534 9
0.433069 21
0.315883 18
0.431145 9
0.393723 31
1.382813 2
0.000097 15
2.847613 159
0.005807 173
0.000128 5
2.429968 40
0.586225 37
0.844472 2
0.000156 15
1.054289 510
0.005951 142
0.000075 5
16.442915 12
0.457407 9
0.202218 31
0.549036 37
0.477442 2
0.000085 15
1.037201 510
0.005809 145
0.000012 2
1.140636 9
0.819724 1
0.255038 1
0.154983 1
0.058744 1
0.130800 1
0.214743 1
0.053080 1
0.143610 1
0.272403 2
0.000337 15
1.031302 237
0.005769 150
0.000094 5
1.265158 17
0.668347 1
0.598399 1
0.258323 1
0.202224 1
0.038908 1
0.085738 1
0.141121 1
0.066938 1
0.124095 1
0.166618 1
0.065876 1
0.125018 1
0.458881 1
0.061301 1
0.946003 4
0.317721 1
0.094554 1
0.925676 4
0.214193 4
0.479474 1
0.139947 1
0.103669 1
0.466037 2
0.000392 15
0.008492 43
1.425035 2
0.001230 2
0.005219 171
0.998476 33
0.478828 4
0.405712 2
0.000373 15
1.973447 195
0.005809 165
0.000094 5
1.745276 32
0.810814 1
0.597786 1
0.345286 1
0.326915 1
0.073923 1
0.049457 1
0.249101 1
0.326333 1
0.223086 1
0.172862 1
0.174005 6
0.709491 2
0.001043 15
2.895557 159
0.005906 181
0.000103 5
1.503745 48
0.930938 4
0.114093 4
0.114443 4
0.081468 4
0.120017 4
0.087280 4
0.110555 4
0.099196 4
0.454255 4
0.179495 1
0.074874 1
0.324509 15
1.432499 1
0.811820 4
2.850151 2
0.000169 2
0.016431 181
0.000186 5
1.372282 1
0.052868 1
0.113541 1
0.157507 1
0.034873 1
0.149424 1
0.130822 1
0.050914 1
0.170470 1
0.184973 2
0.000396 15
0.864367 492
0.005820 142
0.000081 5
10.471062 12
0.497263 1
0.043591 1
0.093205 1
0.134891 1
0.072576 1
0.121817 1
0.125873 1
0.062414 1
0.192630 1
0.191281 2
0.000358 15
1.024851 410
0.000015 82
0.005920 142
0.000104 5
0.904899 1
0.062056 1
0.093731 1
0.161175 1
0.064104 1
0.131391 1
0.124417 1
0.078951 1
0.147764 1
0.621079 1
0.218618 115
0.000107 273
0.000053 81
0.000020 56
0.000065 60
0.000032 114
0.000037 14
2.020798 1
0.052849 1
0.174581 1
0.806896 2
0.000263 15
0.024507 46
0.006439 145
0.000161 5
1.036784 2
0.000085 2
0.010596 145
0.000091 5
0.892353 12
0.166928 8
0.766194 5
0.633686 4
0.125023 4
0.126243 4
0.538520 1
0.274585 1
0.073289 1
0.073283 1
0.159847 5
0.624115 1
0.065222 1
0.078398 13
0.604942 2
0.001830 15
0.050721 66
0.005290 164
0.000091 5
17.235313 31
4.407437 40
0.810706 8
1.332711 1
0.802009 1
2.355715 1
0.236196 1
0.039017 1
0.085468 1
0.145937 1
0.100269 1
0.131131 1
0.132773 1
0.066853 1
0.091710 1
0.516381 1
0.194267 1
0.048846 1
0.181324 6
0.949757 1
0.034360 1
0.077797 13
1.251493 2
0.001290 15
1.817785 49
0.838479 49
0.871426 49
0.866932 49
0.879866 49
0.891797 49
0.103820 176
0.000096 5
2.356661 43
0.362352 1
0.500598 1
0.030258 1
0.030598 1
0.029346 1
0.030305 1
0.029353 1
0.030266 1
0.030744 1
0.028650 1
0.030320 1
0.029858 1
0.029818 1
0.030453 1
0.030288 1
0.030297 1
0.029189 1
0.030103 1
0.030118 1
0.030228 1
0.030195 1
0.029305 1
0.030147 1
0.030012 1
0.029780 1
0.029583 1
0.030658 1
0.030147 1
0.029774 1
0.029771 1
0.031010 1
0.028467 1
0.031713 1
0.028801 1
0.029777 1
0.411117 3
0.186947 3
0.587211 5
0.267464 5
0.078800 5
0.108182 5
0.257615 5
0.065342 5
0.451992 5
0.193691 5
0.381686 2
0.000358 15
1.790585 49
0.863331 49
0.846765 49
0.110641 184
0.000077 5
3.412557 1
0.035950 1
0.124127 1
0.113595 1
0.100670 1
0.118288 1
0.153076 1
0.067821 1
0.171738 1
0.156674 2
0.000388 15
1.003234 328
0.000014 164
0.005894 142
0.000095 5
3449.060418 6
