0.330584 172
0.000197 5
0.810667 12
1.594235 1
0.042814 1
0.153392 1
0.116378 1
0.073486 1
0.118625 1
0.122339 1
0.072836 1
0.435465 1
0.907182 2
0.000377 15
1.040495 984
0.005846 142
0.000080 5
2.815321 9
0.826744 1
0.587136 1
0.255594 1
0.159029 1
0.053971 1
0.163861 1
0.069149 1
0.061982 1
0.442133 1
0.118867 1
0.063926 1
0.121864 1
0.170894 1
0.078760 1
0.139486 1
0.478237 2
0.000325 15
1.072095 297
0.005877 157
0.000091 5
3.722084 1
0.048211 1
0.089452 1
0.106016 1
0.118439 1
0.061553 1
0.152089 1
0.072682 1
0.100238 1
0.494561 1
0.060628 1
0.097890 1
1.284775 2
0.000321 15
0.042111 47
0.005185 150
3.490283 1
0.055884 1
0.113080 1
0.073458 1
0.125613 1
0.071531 1
0.143468 1
0.058322 1
0.197120 1
0.610730 1
0.061546 1
0.093248 1
0.611608 1
4.385015 1
0.683359 1
1.028053 1
0.499892 1
1.077811 1
1.586974 15
1.526883 1
0.784948 1
0.617932 1
0.551964 1
1.356208 16
1.657661 1
0.463748 1
1.013481 1
0.472332 1
2.183449 1
1.414109 15
2.174245 10
0.000029 75
2.243356 2
0.000584 15
0.969689 195
0.005911 206
0.000087 5
4.302689 73
0.344755 46
0.422768 20
1.083873 1
0.438844 1
0.340920 1
0.889897 1
0.047504 1
0.165399 1
0.077703 1
0.123116 1
0.106409 1
0.148799 1
0.075967 1
0.531011 1
0.228116 1
0.078159 1
0.084503 1
4.918474 2
0.000257 15
2.046887 195
0.005874 172
0.000085 5
7.602595 39
0.740197 1
0.569080 1
0.279646 1
0.388847 1
0.058800 1
0.070199 1
0.644180 1
0.750797 1
0.823494 260
0.000039 3
0.000071 48
4.569850 1
0.047163 1
0.231886 1
0.147566 6
0.732020 2
0.001860 15
2.882463 159
0.005977 188
0.000040 5
4.916452 55
1.237532 4
0.140463 4
0.168129 4
0.178581 4
0.164679 4
0.146038 4
0.165757 4
0.166401 4
0.178069 4
0.390779 1
0.050702 1
0.211931 1
0.172090 1
0.235987 13
1.161502 1
1.463889 2
0.002016 15
4.741203 197
0.000101 5
1.130380 64
0.244112 31
0.797488 2
0.000168 15
2.831803 159
0.005899 188
0.000121 5
7.225652 55
1.370118 67
2.251342 4
0.500841 4
0.029678 4
0.032128 4
0.027675 4
0.069738 4
0.005557 4
0.028479 4
0.025883 4
0.042214 4
0.017243 4
0.030944 4
0.030704 4
0.030354 4
0.029517 4
0.029723 4
0.029808 4
0.030205 4
0.029838 4
0.029835 4
0.029616 4
0.030981 4
0.030263 4
0.029298 4
0.029697 4
0.030431 4
0.329072 4
0.183574 4
0.182031 4
0.183369 4
0.207509 4
1.909674 2
0.003202 15
1.180056 297
0.005814 157
0.000083 5
3.197595 24
2.196049 2
0.000247 15
1.125362 396
0.005846 157
0.000091 5
4.713364 12
0.674830 24
3.756695 1
0.544775 1
0.256216 1
0.154537 1
0.052491 1
0.175839 1
0.162388 1
0.230673 1
0.544339 1
0.223229 1
0.122754 1
0.023566 1
0.658250 1
0.648180 2
0.000393 15
1.213275 198
0.005239 170
0.000059 5
0.758791 37
0.738621 1
0.391994 1
0.237300 1
0.228463 1
0.036768 1
0.091418 1
0.122217 1
0.073525 1
0.100046 1
0.139515 1
0.050917 1
0.106332 1
0.306909 1
0.123876 1
0.150179 1
1.019093 2
0.000462 15
1.956966 60
2.171996 227
0.063085 69
1.808756 1
0.020952 1
0.159156 1
0.139828 1
0.048298 1
0.102834 1
0.389196 2
0.003705 63
0.000975 61
6.405357 1
0.130009 1
0.179842 1
0.150009 1
0.250037 10
0.000950 38
0.872927 60
0.896287 23
0.000155 159
0.000438 45
0.078287 71
1.490790 1
0.061180 1
0.178799 1
0.140275 1
0.047837 1
0.103021 1
0.689079 2
0.002722 62
0.000991 63
2.936019 1
0.130104 1
0.189107 1
0.140963 1
0.310108 10
0.000883 39
0.018438 185
0.000179 5
6.161167 12
4.612135 1
0.062898 1
0.079160 1
0.052777 1
0.273750 1
0.359995 1
1.113378 1
0.058221 1
0.474420 1
1.320867 1
1.535764 1
0.237366 1
0.063867 1
0.050136 1
0.151761 1
0.055477 1
0.057974 1
0.169757 1
0.148401 1
0.044914 1
0.110112 1
0.156632 1
0.079077 1
0.169378 1
0.114585 1
0.451631 1
0.485328 1
0.354487 1
0.043108 1
0.049934 1
0.055646 1
0.154829 1
0.117477 1
0.157537 1
0.066920 1
0.140758 1
0.437235 1
0.087478 1
0.084446 1
0.166098 1
0.140579 1
0.760186 2
0.000430 15
2.137808 204
0.005847 174
0.000167 5
3.871026 6
