0.329598 142
0.000183 5
0.874767 12
1.229330 1
0.055747 1
0.121068 1
0.127000 1
0.115382 1
0.125524 1
0.142106 1
0.088908 1
0.758491 1
6.017948 2
0.000564 15
1.331298 738
0.000014 82
0.000022 164
0.000008 82
0.000006 82
0.000013 82
0.005983 142
0.000111 5
16.353015 9
0.825251 1
1.865694 1
0.285392 1
0.051073 1
0.153992 1
0.255241 1
0.030913 1
0.180803 1
1.119634 2
0.000378 15
1.166416 237
0.005997 150
0.000076 5
2.154672 12
0.493569 17
0.850812 2
0.000104 15
1.160681 237
0.005870 150
0.000143 5
2.651112 17
0.764922 1
0.897866 1
0.390285 1
3.770463 1
0.063059 1
0.057611 1
0.475102 1
2.317592 4
0.111915 4
0.090566 4
0.097445 4
0.558820 1
0.034779 1
0.254001 1
0.160084 1
0.119443 1
0.453891 1
0.047557 1
1.271824 1
0.143566 1
0.062516 1
0.230287 1
0.240210 1
0.248722 525
0.000013 119
0.000005 58
0.000012 31
6.648932 1
0.054853 1
0.073452 1
4.569749 10
0.000053 34
1.008813 2
0.002241 15
2.124607 195
0.005984 165
0.000333 5
4.639764 1
0.041054 1
0.123938 1
0.144127 1
0.077487 1
0.105752 1
0.147074 1
0.063629 1
0.127179 1
0.283240 1
0.067782 1
0.050428 1
0.475961 2
0.000325 15
0.046890 47
0.005279 145
0.000069 5
11.764479 12
0.608331 28
2.765748 1
2.133014 1
0.729276 1
0.066017 1
0.043112 1
0.400428 1
1.755246 1
0.114383 1
0.154474 1
0.138964 1
0.263375 9
0.468072 3
0.152023 3
0.249019 3
0.136361 3
0.781540 1
0.470982 206
0.000045 98
4.501824 1
0.058386 1
0.251785 1
0.171157 6
2.657916 2
0.001546 15
2.838691 159
0.005923 181
0.000013 5
12.280238 48
0.832447 4
0.112250 4
0.097328 4
0.095893 4
0.100102 4
0.095652 4
0.114213 4
0.096264 4
0.142875 4
2.241861 1
0.048504 1
0.359522 1
0.182862 14
1.584856 1
1.244632 2
0.000918 15
4.693710 193
0.000014 2
2.516719 2
0.000041 2
0.014537 190
0.000291 5
58.633483 1
0.066497 1
0.057583 1
0.185664 1
0.038880 1
0.141106 2
1.299212 1
0.028825 1
0.118316 17
0.716091 2
0.000152 15
0.020698 72
0.001261 62
0.000144 13
0.014495 45
0.037256 1971
0.000923 417
0.006533 1976
0.000650 278
1.011236 54
1.346369 7
0.005620 622
0.044490 7
0.021511 698
0.196330 7
0.012138 464
0.283541 7
0.049739 1249
0.018244 7
0.002596 1134
0.105384 7
0.008111 107
0.581405 1
0.000093 6
0.000518 47
0.005036 112
0.712303 22
0.000548 42
0.128604 22
0.000469 42
0.185459 22
0.000595 40
0.125318 22
0.000498 40
0.092375 22
0.000463 42
0.090343 22
0.001176 121
0.113857 22
0.000975 120
0.090750 22
0.000843 131
0.102674 22
0.000701 106
0.095969 22
0.001183 154
0.215458 22
0.001021 163
50.226663 55
0.138972 1
0.105205 1
0.002483 89
0.019384 159
0.000388 5
1.270802 1
0.063042 1
0.052332 1
0.415464 1
0.051080 1
0.081059 2
0.390331 1
0.065851 1
0.114197 1
1.230117 4
0.116412 4
0.318450 1
0.064033 1
0.080617 1
0.958136 4
0.131571 4
0.506857 1
0.096074 1
0.094157 15
0.422418 2
0.000353 15
0.045586 72
0.001107 60
0.000034 11
0.006081 45
0.002536 666
0.001638 100
0.003250 735
0.972400 21
0.000546 36
0.499786 21
0.000472 36
0.030260 21
0.000518 36
0.029910 21
0.000708 36
0.029088 21
0.000678 40
0.028233 21
0.000734 36
0.060339 21
0.000182 61
0.000141 40
0.029621 21
0.000319 42
0.029825 22
0.000281 38
0.031336 22
0.000313 38
0.029007 22
0.000261 38
0.028463 22
0.000245 38
0.031205 22
0.000357 38
0.028593 22
0.000584 38
0.029835 22
0.000504 110
0.029034 22
0.001010 181
0.028919 22
0.001664 181
0.029636 22
0.001787 181
0.028832 22
0.000738 82
0.028660 22
0.000824 99
0.030103 22
0.001679 184
0.330308 22
0.001577 160
0.145717 22
0.002595 244
0.100096 22
0.001661 197
0.195337 22
0.000619 103
0.099862 22
0.000714 83
0.098257 22
0.000707 83
0.106299 22
0.000926 124
0.119057 22
0.000733 83
22.991770 55
0.107851 1
0.157813 1
0.002626 28
0.000060 61
0.019379 157
0.000308 5
7.806430 1
0.067308 1
0.105941 1
0.189697 1
0.387874 4
0.112823 4
0.105407 4
0.105982 4
0.093878 1
0.112415 1
0.084084 1
0.354591 1
0.049045 1
0.094586 1
0.156530 1
0.045047 1
0.116972 1
0.123220 1
0.058695 1
0.163019 1
0.186628 1
0.718243 4
0.131744 4
0.148286 4
0.285913 4
0.230001 4
0.132709 4
0.188783 4
0.103824 4
0.108010 4
0.233596 4
0.173175 1
0.135612 1
0.352535 6
