0.372002 172
0.000151 5
0.990397 12
1.069020 1
0.043600 1
0.144787 1
0.101279 1
0.107826 1
0.070657 1
0.144309 1
0.070765 1
0.191045 1
0.634792 2
0.000431 15
1.009026 164
0.000014 82
0.000019 164
0.000013 82
0.000007 82
0.000008 164
0.000018 164
0.000013 82
0.000043 246
0.005839 142
0.000081 5
15.924787 9
0.670275 1
0.443202 1
0.259912 1
0.201954 1
0.060888 1
0.244693 1
0.175719 1
0.220554 1
0.368203 1
0.175125 1
0.093128 1
0.136920 1
0.159738 1
0.101015 1
0.134288 1
1.866943 36
1.662673 2
0.000144 15
1.001203 297
0.005755 157
0.000090 5
4.810608 24
0.632625 1
0.591378 1
0.292481 1
0.274840 1
0.933379 1
0.166566 1
0.101633 1
0.098836 1
0.235364 1
0.119004 1
0.071902 1
0.516267 1
0.475583 1
0.455720 740
4.714859 1
0.058653 1
0.126857 1
7.302273 2
0.001016 15
2.043337 195
0.005925 172
0.000087 5
5.673752 12
0.763415 1
0.028240 1
0.117880 1
0.123177 1
0.076038 1
0.096300 1
0.131150 1
0.058875 1
0.188124 1
1.208789 2
0.000392 15
1.134797 492
0.000028 574
0.000042 164
0.005725 142
0.000193 5
1.552725 2
0.000208 2
0.014395 142
0.000126 5
0.652251 6
