1.440741 148
0.002801 17
1.598899 24
2.201049 1
0.056044 1
0.152135 1
0.397644 1
0.806928 1
0.069273 1
0.248664 1
0.041687 1
0.092916 1
0.207794 1
0.085532 1
0.125777 1
0.085619 1
1.424450 6
0.163803 1
0.879666 5
1.651742 1
0.049337 1
0.085608 1
0.085141 1
0.094122 1
0.201516 1
0.108520 1
0.075823 1
0.175593 1
0.104494 1
0.145992 1
0.459929 2
0.000192 15
1.861136 36
0.000143 266
0.000031 57
0.000067 107
0.000088 39
0.000184 85
0.000145 359
0.000089 86
0.000061 11
0.000028 12
0.000052 15
0.000070 133
0.000050 41
0.000027 96
0.000051 57
0.000051 60
0.000056 104
0.000071 39
0.000090 70
0.000058 15
0.000044 132
0.000032 40
0.000051 81
0.000050 57
0.000028 60
0.000045 47
0.000051 39
0.000052 47
0.000029 11
0.000047 12
0.000044 15
0.000091 172
0.000065 81
0.000055 57
0.000031 57
0.000047 47
0.000051 39
0.000057 47
0.000031 11
0.000030 12
0.000060 15
0.000072 186
0.000063 81
0.000050 57
0.000029 57
0.000046 47
0.000050 39
0.000047 47
0.000032 11
0.000025 12
0.000050 15
0.000067 141
0.000050 49
0.000027 81
0.000052 57
0.000045 57
0.000023 47
0.000130 97
0.000051 12
0.000027 15
0.000053 141
0.000046 49
0.000026 81
0.000049 57
0.000047 57
0.000023 47
0.000061 39
0.000048 47
0.000027 11
0.000047 12
0.000028 15
0.000052 129
0.000027 37
0.000078 81
0.000049 57
0.000032 60
0.000023 57
0.000050 47
0.000052 39
0.000074 58
0.000053 12
0.000029 15
0.000050 130
0.000023 38
0.000057 81
0.000027 57
0.000047 60
0.000024 57
0.000058 47
0.000050 39
0.000047 47
0.000027 11
0.000024 12
0.000058 15
0.000047 128
0.000044 36
0.000072 81
0.000049 57
0.000027 60
0.000049 57
0.000027 47
0.000057 39
0.000050 47
0.000029 11
0.000047 12
0.000027 15
0.000058 146
0.000027 54
0.000049 81
0.000047 57
0.000028 57
0.000047 47
0.000044 39
0.000048 47
0.000030 11
0.000041 12
0.000027 15
0.000054 146
0.000044 54
0.000065 81
0.000047 57
0.000030 57
0.000050 47
0.000049 39
0.000047 47
0.000027 11
0.000048 12
0.000027 15
0.000050 146
0.000046 54
0.000024 81
0.000057 57
0.000024 57
0.000050 47
0.000051 39
0.000053 47
0.000077 23
0.000027 15
0.000054 132
0.000049 40
0.000024 81
0.000053 57
0.000049 60
0.000051 57
0.000026 47
0.000063 39
0.000056 47
0.000045 11
0.000029 12
0.000051 15
0.000047 128
0.000028 36
0.000046 81
0.000044 57
0.000022 60
0.000054 57
0.000044 47
0.000048 39
0.000048 47
0.000027 11
0.000046 12
0.000027 15
0.000053 131
0.000043 39
0.000025 81
0.000084 57
0.000027 60
0.000049 57
0.000027 47
0.000057 39
0.000048 47
0.000028 11
0.000045 12
0.000026 15
0.000058 129
0.000024 37
0.000053 81
0.000047 57
0.000026 60
0.000048 57
0.000045 47
0.000047 39
0.000025 47
0.000049 11
0.000024 12
0.000048 15
0.000048 146
0.000043 54
0.000026 63
0.000063 57
0.000051 60
0.000027 57
0.000045 47
0.000047 39
0.000046 47
0.000029 11
0.000043 12
0.000026 15
0.000054 146
0.000043 54
0.000025 63
0.000055 57
0.000043 57
0.000029 47
0.000054 39
0.000047 47
0.000027 11
0.000043 12
0.000027 15
0.000053 130
0.000043 38
0.000025 57
0.000050 57
0.000061 47
0.000053 39
0.000025 47
0.000045 11
0.000027 12
0.000043 15
0.000043 130
0.000064 95
0.000054 60
0.000045 57
0.000031 47
0.000061 39
0.000057 58
0.000057 12
0.000024 15
0.000060 133
0.000042 41
0.000040 57
0.000025 57
0.000051 47
0.000056 39
0.000053 58
0.000100 27
0.000032 125
0.000066 90
0.000051 104
0.000051 39
0.000028 58
0.000048 27
0.000052 158
0.000046 57
0.000027 104
0.000050 39
0.000024 58
0.000069 27
0.000068 125
0.000023 33
0.000050 114
0.000052 47
0.000044 39
0.000039 47
0.000041 11
0.000021 12
0.000060 15
0.000057 178
0.000045 57
0.000021 57
0.000019 47
0.000038 39
0.000041 47
0.000022 23
0.000048 15
0.000039 125
0.000040 33
0.000035 57
0.000034 57
0.000017 47
0.000048 39
0.000017 47
0.000049 11
0.000020 12
0.000040 15
0.000045 126
0.000020 34
0.000041 57
0.000020 57
0.000042 47
0.000038 39
0.000079 58
0.000058 12
0.000042 15
0.000043 137
0.000043 45
0.000022 57
0.000044 57
0.000025 47
0.000027 39
0.000023 47
0.000022 11
0.000038 12
0.000027 15
0.000024 137
0.000076 159
0.000048 47
0.000035 39
0.000034 47
0.000024 11
0.000023 12
0.000023 15
0.000021 125
0.000044 33
0.000024 57
0.000026 104
0.000046 39
0.000024 47
0.000039 23
0.000058 15
0.000042 139
0.000021 47
0.000056 57
0.000040 60
0.000021 57
0.000042 47
0.000041 39
0.000043 58
0.000047 7
0.000040 3
0.000020 3
0.215072 163
0.002411 17
1.034974 30
0.610369 1
0.460696 1
0.277905 1
0.341158 1
0.127262 1
0.198173 1
0.044434 1
0.133142 1
0.817038 1
0.803510 1
0.369235 1
1.947430 2
0.000199 15
1.064146 407
0.000022 171
0.000015 133
0.152203 174
0.002278 17
3.363070 6
