0.374499 166
0.000766 17
0.852219 24
1.512092 1
0.052454 1
0.201262 1
0.092567 1
0.139551 1
0.120557 1
0.155161 1
0.036961 1
0.192802 1
1.320827 2
0.000406 15
0.970574 237
0.006243 142
0.000631 17
9.265615 9
1.225423 1
0.925939 1
0.289191 1
0.137401 1
0.057341 1
0.101580 1
1.112313 2
0.000409 15
0.980580 76
0.005692 148
0.000721 17
5.016719 1
0.056580 1
0.092251 1
0.140457 1
0.061942 1
0.128308 1
0.139560 1
0.050681 1
0.939929 1
0.426996 1
0.601648 702
0.000096 23
6.075056 1
0.149064 1
0.184311 1
1.858900 1
1.089766 2
0.000400 15
0.022126 57
0.004477 146
0.000573 17
6.694747 6
