0.377402 157
0.000180 5
0.871535 12
0.466388 1
0.053450 1
0.090335 1
0.137196 1
0.087610 1
0.076828 1
0.134154 1
0.050345 1
0.179940 1
0.289197 2
0.000373 15
1.259222 574
0.005613 142
0.000062 5
3.141224 9
0.616390 1
0.433608 1
0.310763 1
0.463451 1
0.056696 1
0.080104 1
0.121616 1
0.087180 1
0.106839 1
0.133142 1
0.063255 1
0.107634 1
0.395281 1
0.202587 232
0.000039 156
0.000096 197
0.000053 117
0.000041 23
2.165621 1
0.069210 1
0.100893 1
2.000014 2
0.000993 15
2.067257 390
0.005664 157
0.000040 5
3.259963 1
0.055507 1
0.077316 1
0.130950 1
0.067325 1
0.128527 1
0.119647 1
0.073043 1
0.085034 1
0.269982 1
0.063732 1
0.079367 1
0.494609 2
0.000417 15
0.044266 47
0.005875 145
0.000049 5
6.257153 12
0.162463 20
2.600033 37
0.998470 21
0.442563 2
0.000138 15
1.004431 474
0.005780 142
0.000059 5
1.137335 9
1.247597 4
1.182333 1
0.315723 1
0.063519 1
0.068179 1
1.325253 2
0.000508 15
0.041158 47
0.005889 145
0.000081 5
0.975746 12
0.138053 8
0.785862 1
0.532098 1
0.270728 1
0.181562 1
0.098657 1
0.026852 1
0.136893 1
0.072236 1
0.087629 1
0.126253 1
0.060944 1
0.099226 1
0.220168 1
0.058418 1
0.057574 1
0.542837 2
0.000393 15
2.016525 390
0.005716 157
0.000040 5
2.373697 12
13.424544 1
0.048613 1
0.080321 1
0.142834 1
0.070936 1
0.132865 1
0.115013 1
0.098654 1
0.790970 1
1.836055 2
0.000380 15
1.036291 474
0.005719 142
0.000431 5
8.932105 9
0.977748 1
0.453949 1
0.243325 1
0.826577 1
0.068393 1
0.071342 1
0.449226 4
0.119033 4
0.114590 4
0.447486 1
0.028899 1
0.090884 1
0.141661 1
0.057125 1
0.124502 1
0.130200 1
0.070674 1
0.650022 1
2.221224 1
0.070885 1
0.165352 2
4.163175 2
0.001531 15
1.954081 390
0.005642 158
0.000074 5
7.101668 1
0.051942 1
0.073642 1
0.142293 1
0.041518 1
0.129544 1
0.127338 1
0.063624 1
0.078722 1
0.629383 1
0.070902 1
0.404107 2
0.605176 2
0.000535 15
0.043632 47
0.005639 146
0.000039 3
0.000012 2
5.799567 12
1.480798 1
0.038244 1
0.075722 1
0.168550 1
0.044732 1
0.155818 1
0.112980 1
0.060649 1
0.435949 1
2.842701 2
0.000436 15
0.994734 474
0.005808 142
0.000092 5
2.418872 1
0.028709 1
0.073176 1
0.155027 1
0.079246 1
0.106536 1
0.120155 1
0.058479 1
0.109672 1
0.300908 1
0.058008 1
0.090285 1
3.172239 2
0.000364 15
0.020533 47
0.005198 145
0.000078 5
2.911110 12
1.356302 8
0.715766 1
0.351473 1
0.244794 1
7.790096 1
0.036428 1
0.078216 1
0.135955 1
0.073946 1
0.113362 1
0.108266 1
0.069337 1
0.096741 1
0.462975 1
0.057873 1
0.085054 1
0.107880 1
0.619033 2
0.000967 15
1.877213 390
0.005710 158
0.000074 5
1.293111 25
0.554494 1
0.339142 4
0.460711 1
0.267002 1
0.746850 1
0.063310 1
0.051196 1
0.203100 1
0.614461 1
1.294438 296
1.594222 1
0.066490 1
0.236892 1
0.131116 6
0.859785 2
0.001864 15
2.825497 159
0.005783 173
0.000049 5
2.425037 12
2.524650 1
0.042826 1
0.105383 1
0.139571 1
0.232015 1
0.055834 1
0.072785 1
0.168046 1
0.867947 1
2.243694 1
0.049798 1
0.082000 1
0.130124 1
0.072575 1
0.301442 1
0.134237 1
0.065005 1
0.176932 1
0.345642 1
0.062269 1
1.208156 1
0.049664 2
0.635677 2
0.000330 15
0.040791 492
0.005676 155
0.000096 5
10.333868 12
5.913034 1
0.038462 1
0.073699 1
0.122514 1
0.284418 1
0.033520 1
0.079896 1
0.142064 1
0.114539 1
0.186557 1
0.107836 1
0.132225 1
0.123398 1
0.120698 7
0.774109 2
0.000410 15
0.039258 106
0.005537 153
0.000081 5
42.484272 6
