1.470277 174
0.003610 17
0.851015 24
0.472731 1
0.062104 1
0.149924 1
0.092257 1
0.531089 1
0.058324 1
0.229151 1
0.049262 1
0.098193 1
0.194137 1
0.059578 1
0.102294 1
0.042817 1
0.142605 1
0.198819 1
0.059197 1
0.070524 1
0.127426 1
0.128583 1
0.758966 1
0.048292 1
0.071129 1
0.087614 1
0.085198 1
0.655455 1
0.115116 1
0.356383 1
0.218584 1
1.124124 2
0.833746 1
1.023659 1
0.000120 2
0.000265 15
1.890076 51
0.000065 170
0.000048 138
0.000019 60
0.000033 47
0.000055 39
0.000013 47
0.000042 11
0.000175 282
0.000036 57
0.000017 47
0.000038 39
0.000016 47
0.000017 11
0.000052 27
0.000028 133
0.000014 41
0.000031 153
0.000039 60
0.000019 57
0.000014 47
0.000041 39
0.000034 58
0.000061 27
0.000139 253
0.000027 150
0.000020 14
0.000046 97
0.000036 12
0.000018 15
0.000036 132
0.000017 40
0.000034 81
0.000018 57
0.000049 104
0.000026 39
0.000015 47
0.000013 11
0.000037 12
0.000013 15
0.000033 139
0.000027 47
0.000015 81
0.000033 57
0.000018 104
0.000053 86
0.000026 23
0.000036 15
0.000026 141
0.000024 49
0.000024 81
0.000023 57
0.000014 57
0.000027 47
0.000088 109
0.000028 15
0.000031 141
0.000027 49
0.000028 81
0.000013 57
0.000026 57
0.000012 47
0.000039 39
0.000032 47
0.000015 11
0.000030 12
0.000016 15
0.000027 129
0.000014 37
0.000031 81
0.000034 117
0.000029 104
0.000031 39
0.000036 58
0.000030 27
0.000030 168
0.000032 138
0.000030 117
0.000029 47
0.000019 39
0.000018 58
0.000029 27
0.000033 128
0.000017 36
0.000018 81
0.000016 57
0.000016 60
0.000016 57
0.000015 47
0.000027 86
0.000030 23
0.000031 149
0.000020 66
0.000029 81
0.000020 114
0.000027 47
0.000029 39
0.000028 58
0.000034 27
0.000031 200
0.000032 138
0.000029 57
0.000025 47
0.000036 39
0.000035 47
0.000016 11
0.000034 12
0.000036 15
0.000029 146
0.000026 54
0.000025 81
0.000015 57
0.000037 104
0.000047 39
0.000064 70
0.000031 15
0.000031 132
0.000025 40
0.000027 81
0.000026 57
0.000013 60
0.000026 57
0.000026 47
0.000036 39
0.000032 47
0.000026 11
0.000013 12
0.000026 15
0.000034 128
0.000025 36
0.000025 81
0.000025 57
0.000023 60
0.000022 57
0.000023 47
0.000032 39
0.000053 58
0.000034 12
0.000016 15
0.000032 131
0.000041 39
0.000030 81
0.000025 57
0.000024 60
0.000026 57
0.000026 47
0.000038 39
0.000057 47
0.000021 11
0.000047 27
0.000060 129
0.000048 118
0.000046 57
0.000041 60
0.000020 57
0.000036 47
0.000040 39
0.000041 47
0.000041 11
0.000017 12
0.000042 15
0.000040 146
0.000018 54
0.000037 63
0.000033 57
0.000022 60
0.000036 57
0.000017 47
0.000050 39
0.000066 47
0.000029 23
0.000048 15
0.000097 263
0.000032 57
0.000039 104
0.000060 39
0.000040 47
0.000017 11
0.000031 12
0.000033 15
0.000032 130
0.000032 38
0.000031 57
0.000031 57
0.000031 47
0.000035 39
0.000035 47
0.000031 11
0.000031 12
0.000016 15
0.000048 130
0.000080 155
0.000046 57
0.000054 47
0.000041 39
0.000037 47
0.000018 11
0.000033 12
0.000029 15
0.000032 133
0.000028 41
0.000034 57
0.000018 57
0.000031 47
0.000037 39
0.000037 47
0.000031 11
0.000029 12
0.000031 15
0.000036 125
0.000031 33
0.000032 57
0.000030 57
0.000029 47
0.000042 39
0.000045 47
0.000036 11
0.000018 12
0.000042 15
0.000051 158
0.000043 57
0.000097 104
0.000038 39
0.000062 58
0.000021 12
0.000045 15
0.000034 125
0.000016 33
0.000032 57
0.000031 57
0.000027 47
0.000037 39
0.000031 47
0.000030 11
0.000017 12
0.000038 15
0.000044 135
0.000039 43
0.000034 57
0.000031 57
0.000015 47
0.000051 39
0.000033 47
0.000033 11
0.000017 12
0.000035 15
0.000039 125
0.000032 33
0.000031 57
0.000029 57
0.000029 47
0.000062 39
0.000043 47
0.000018 11
0.000031 12
0.000031 15
0.000034 126
0.000031 34
0.000035 57
0.000015 57
0.000035 47
0.000041 39
0.000038 47
0.000032 11
0.000015 12
0.000036 15
0.000038 137
0.000032 45
0.000031 57
0.000029 57
0.000030 47
0.000036 39
0.000037 47
0.000031 11
0.000028 12
0.000029 15
0.000034 137
0.000066 102
0.000033 57
0.000029 47
0.000034 39
0.000050 47
0.000058 23
0.000037 15
0.000035 125
0.000032 33
0.000033 57
0.000028 57
0.000028 47
0.000035 39
0.000036 47
0.000032 11
0.000015 12
0.000039 15
0.000042 139
0.000032 47
0.000031 57
0.000031 60
0.000033 57
0.000030 47
0.000037 39
0.000037 47
0.000031 11
0.000030 7
0.000054 6
0.191489 163
0.002806 17
1.012804 24
0.428438 30
0.691115 1
0.532211 1
0.275853 1
1.173227 1
0.062590 1
0.195187 1
0.093871 1
0.129500 1
0.670013 1
0.254476 1
0.397053 1
0.669084 2
0.000308 15
1.035155 489
0.000046 89
0.000031 133
0.167103 174
0.001116 17
1.598360 41
0.838150 4
0.111745 4
0.090024 4
0.096139 4
0.101042 4
0.098809 4
0.104181 4
0.115738 4
0.125843 4
0.135274 4
0.880905 1
0.114224 1
0.436632 1
0.097401 1
0.233441 1
0.057435 1
0.074620 1
0.072548 1
1.994381 1
0.203856 1
0.119612 1
0.226633 1
2.073547 1
0.615984 1
0.248410 1
0.427519 1
0.095836 1
0.181456 1
0.206798 1
0.161950 1
0.105672 1
0.161718 1
1.447970 1
0.122380 1
0.142124 1
0.119280 1
0.134661 1
0.138493 1
0.825616 3
0.500093 3
0.031459 3
0.029936 3
0.030103 3
0.029366 3
0.029284 1
0.031149 1
0.028585 1
0.030552 1
0.029992 1
0.030165 1
0.029988 1
0.030047 1
2.250212 2
0.001273 15
1.475409 18
0.000068 391
0.000016 35
0.000027 43
0.000042 7
0.000013 8
0.000010 11
0.000023 129
0.000028 37
0.000038 77
0.000016 53
0.000020 43
0.000018 35
0.000021 43
0.000010 7
0.000014 8
0.000016 11
0.000029 129
0.000016 37
0.000018 92
0.000020 109
0.000024 53
0.000050 121
0.000011 7
0.000008 8
0.000008 11
0.000019 128
0.000008 36
0.000008 77
0.000021 109
0.000019 43
0.000018 35
0.000019 50
0.000022 19
0.000019 164
0.000020 130
0.000015 96
0.000019 35
0.000008 43
0.000017 15
0.000019 11
0.000017 135
0.000018 43
0.000009 77
0.000021 106
0.000055 43
0.000024 78
0.000019 7
0.000015 8
0.000008 11
0.000016 137
0.000015 45
0.000015 77
0.000008 53
0.000010 53
0.000017 43
0.000018 35
0.000015 43
0.000011 7
0.000009 8
0.000014 11
0.000017 137
0.000009 45
0.000018 77
0.000008 53
0.000007 53
0.000018 43
0.000017 35
0.000015 50
0.000019 8
0.000018 11
0.000018 158
0.000016 77
0.000015 53
0.000008 56
0.000015 53
0.000008 43
0.000022 35
0.000020 43
0.000013 7
0.000009 8
0.000007 11
0.000020 126
0.000016 34
0.000009 77
0.000016 53
0.000008 56
0.000014 53
0.000007 43
0.000019 35
0.000018 43
0.000008 7
0.000015 8
0.000007 11
0.000018 124
0.000008 32
0.000017 77
0.000009 53
0.000019 109
0.000021 43
0.000018 35
0.000016 50
0.000018 8
0.000017 11
0.000015 142
0.000013 50
0.000014 77
0.000008 53
0.000014 53
0.000008 43
0.000017 35
0.000014 50
0.000015 8
0.000014 11
0.000014 142
0.000013 50
0.000013 77
0.000008 53
0.000017 53
0.000008 43
0.000016 35
0.000015 50
0.000014 8
0.000013 11
0.000014 142
0.000013 50
0.000013 77
0.000008 53
0.000017 53
0.000008 43
0.000018 35
0.000018 50
0.000018 8
0.000017 11
0.000016 128
0.000008 36
0.000017 77
0.000008 53
0.000018 56
0.000007 53
0.000017 43
0.000017 35
0.000015 50
0.000019 8
0.000015 11
0.000016 124
0.000009 32
0.000017 77
0.000008 53
0.000021 56
0.000009 53
0.000019 43
0.000017 35
0.000035 50
0.000018 8
0.000015 11
0.000009 127
0.000008 35
0.000015 77
0.000015 53
0.000008 56
0.000015 53
0.000007 43
0.000016 35
0.000016 43
0.000007 7
0.000013 8
0.000007 11
0.000015 125
0.000014 33
0.000011 77
0.000008 53
0.000013 56
0.000011 53
0.000007 43
0.000015 35
0.000015 43
0.000008 7
0.000013 8
0.000013 11
0.000014 142
0.000016 109
0.000013 53
0.000012 56
0.000007 53
0.000014 43
0.000014 35
0.000013 43
0.000007 7
0.000030 8
0.000012 11
0.000012 142
0.000011 50
0.000005 59
0.000015 53
0.000011 53
0.000007 43
0.000014 35
0.000012 43
0.000007 15
0.000016 11
0.000014 126
0.000012 34
0.000006 53
0.000012 53
0.000011 43
0.000012 35
0.000012 43
0.000007 7
0.000006 8
0.000015 11
0.000013 126
0.000008 34
0.000014 53
0.000011 56
0.000007 53
0.000013 43
0.000014 35
0.000011 43
0.000007 7
0.000013 8
0.000011 11
0.000013 129
0.000007 37
0.000014 53
0.000011 53
0.000007 43
0.000014 35
0.000014 43
0.000007 7
0.000013 8
0.000007 11
0.000044 121
0.000014 29
0.000008 53
0.000034 53
0.000008 43
0.000017 35
0.000014 50
0.000016 8
0.000013 11
0.000015 121
0.000007 29
0.000014 53
0.000008 53
0.000014 43
0.000014 35
0.000013 43
0.000007 7
0.000007 8
0.000013 11
0.000012 121
0.000007 29
0.000014 53
0.000007 53
0.000012 43
0.000012 35
0.000012 43
0.000007 7
0.000006 8
0.000015 11
0.000013 131
0.000008 39
0.000014 53
0.000006 53
0.000012 43
0.000012 35
0.000012 43
0.000007 7
0.000022 19
0.000014 121
0.000007 29
0.000014 53
0.000006 53
0.000013 43
0.000013 35
0.000012 43
0.000007 7
0.000013 8
0.000012 11
0.000014 122
0.000007 30
0.000014 53
0.000011 53
0.000008 43
0.000014 35
0.000014 43
0.000007 7
0.000014 8
0.000007 11
0.000014 133
0.000013 41
0.000007 53
0.000014 53
0.000037 43
0.000007 35
0.000024 50
0.000031 19
0.000028 133
0.000014 94
0.000019 53
0.000011 43
0.000018 35
0.000016 43
0.000007 7
0.000014 8
0.000007 11
0.000027 121
0.000017 29
0.000009 53
0.000016 53
0.000012 43
0.000015 35
0.000015 43
0.000019 15
0.000023 11
0.000015 135
0.000008 43
0.000016 53
0.000013 56
0.000014 53
0.000008 43
0.000017 35
0.000016 43
0.000016 7
0.000012 3
0.000016 3
0.122591 186
0.001000 17
0.947519 53
1.136179 1
1.532987 1
0.501583 1
0.540910 2
0.000180 15
1.458248 234
0.000040 101
0.000026 39
0.000062 31
0.000056 42
0.000061 3
0.221605 189
0.002908 17
1.784664 56
0.455107 1
0.499805 1
0.031033 1
0.028883 1
0.030602 1
0.029943 1
0.029900 1
0.029818 1
0.029904 1
0.030552 1
0.030543 1
0.028792 1
0.029445 1
0.031105 1
0.029863 1
0.030573 1
0.030069 1
0.960840 35
0.363130 3
0.499722 3
0.549013 1
0.171185 1
0.344076 39
0.385015 35
1.697744 2
0.062789 139
0.008596 45
0.001016 2026
0.000060 228
0.003054 100
0.002827 2315
1.015277 22
0.100106 32
0.000016 23
0.252492 21
0.001687 102
0.754018 47
0.529080 38
0.310684 39
1.024749 36
0.140536 36
0.954824 36
0.123571 36
0.076236 36
0.192196 36
0.155614 36
0.277668 36
0.100364 38
0.087909 37
0.141453 37
1.023639 37
0.384540 39
0.450402 36
0.124997 36
2.130135 36
0.143529 36
0.098933 36
0.212087 36
0.119109 36
0.274573 36
0.304220 38
0.140453 37
1.108469 37
0.094931 37
0.167250 37
1.397721 39
0.523380 64
1.824861 59
0.305334 38
0.100256 16
0.000716 31
0.292004 54
0.152528 1
0.044260 1
0.158432 1
0.000037 14
0.000047 21
0.000178 16
0.001253 62
0.001133 94
1.219683 47
0.182695 17
1.877357 95
1.635197 1
0.501026 1
0.030477 42
0.029725 1
0.031249 1
0.028304 1
0.030803 1
0.030605 1
0.029139 1
0.029610 1
0.030039 1
0.030571 1
0.029345 1
0.031995 1
0.028125 1
0.032928 1
0.027627 39
0.029038 1
0.029739 1
0.031567 1
0.029189 1
0.030769 1
0.029158 1
0.030246 1
0.030391 1
0.030975 1
0.027805 1
0.030753 1
0.029557 1
0.030585 222
0.031461 1
0.029119 1
0.028889 1
0.030591 1
0.030038 1
0.029513 1
0.030436 1
0.030740 1
0.028899 1
0.030758 1
0.196098 3
0.500859 3
0.029973 3
0.031836 3
0.028194 3
0.029207 3
0.397339 3
0.381873 11
3.493423 9
0.000293 15
1.423639 63
0.000039 8
0.000025 58
0.000051 32
0.000028 42
0.000069 65
0.000026 51
0.000025 14
0.000073 58
0.000069 14
0.000109 66
0.000036 8
0.000054 60
0.000021 6
0.000047 8
0.000023 20
0.000022 28
0.000022 6
0.000021 8
0.000048 49
0.000046 14
0.000047 19
0.000023 28
0.000029 6
0.000023 8
0.000044 65
0.000045 14
0.000061 65
0.000023 6
0.000048 45
0.000052 34
0.000046 31
0.000081 42
0.000062 53
0.000043 58
0.000027 14
0.000051 48
0.000027 6
0.000025 45
0.000042 34
0.000039 8
0.000027 65
0.000027 6
0.000024 8
0.000024 21
0.000023 34
0.000046 29
0.000027 28
0.000024 6
0.000042 32
0.000021 28
0.000024 6
0.000024 8
0.000023 16
0.000028 34
0.000052 24
0.000107 100
0.000052 54
0.000026 6
0.000024 8
0.000023 16
0.000024 34
0.000061 25
0.000044 34
0.000024 8
0.000045 56
0.000044 14
0.000048 56
0.000024 6
0.000022 8
0.000019 16
0.000042 34
0.000045 38
0.000042 34
0.000044 6
0.195246 224
0.002498 17
0.953479 91
0.000035 3
1.241871 1
0.901871 1
0.116411 1
0.312764 1
0.054641 1
0.112585 1
0.128222 1
0.050375 1
0.125066 1
0.133220 1
0.676867 1
0.058224 1
0.155789 1
0.117021 1
0.434612 2
0.000367 15
1.460390 85
0.000037 28
0.000031 28
0.000029 72
0.000022 37
0.000010 25
0.000022 26
0.000010 24
0.000016 42
0.000018 42
0.000015 42
0.000009 28
0.000026 24
0.000016 27
0.000017 25
0.000017 42
0.000016 42
0.000017 26
0.000017 26
0.000019 29
0.000017 21
0.000015 21
0.000054 21
0.000018 31
0.000018 21
0.000018 22
0.000015 33
0.000017 33
0.000018 21
0.000018 35
0.157464 238
0.002370 17
6.512394 75
0.000015 33
2.228219 132
0.929539 1
1.766299 1
0.439444 1
0.237093 1
0.078467 1
0.122409 1
0.247274 1
0.137320 1
0.169076 1
0.195654 1
0.642098 1
0.406108 1
0.403402 2
0.000415 15
2.190882 129
0.000036 172
0.000030 43
0.000048 86
0.000025 86
0.000045 86
0.000027 86
0.000049 86
0.000038 86
0.000064 86
0.000031 86
0.000059 129
0.000023 43
0.000022 43
0.000042 43
0.000027 86
0.000085 43
0.015002 250
0.003243 17
4.237297 91
0.000016 29
0.698747 1
0.571928 1
0.282334 1
0.146726 1
0.058474 1
0.154786 1
0.072908 1
0.055707 1
0.182313 1
0.181893 1
0.121185 1
0.711026 1
0.234505 1
0.520665 4
0.201668 1
0.100227 1
0.178931 1
0.210382 1
0.146462 1
0.698242 1
0.204833 1
0.113957 1
0.052291 1
0.191878 1
0.042652 1
0.113825 1
0.178200 1
0.115307 1
1.220722 2
0.000445 15
1.666008 129
0.007606 276
0.000896 17
7.096289 91
0.000022 55
2.334111 1
0.499952 1
0.030669 1
0.029504 1
0.029964 1
0.030535 1
0.030319 1
0.029800 1
0.030003 1
0.031012 1
0.028103 1
0.031173 1
0.028590 1
0.030973 1
0.029734 1
0.029372 1
0.031186 1
0.030149 1
0.028700 1
0.031343 1
0.031296 1
0.027940 1
0.030606 1
0.029409 1
0.030673 1
0.030706 1
0.030104 1
0.028609 1
0.030180 1
0.029998 1
0.030870 1
0.029053 1
0.030425 1
0.030135 1
0.030496 1
0.030208 1
0.028290 1
0.031432 1
0.028187 1
0.068881 1
0.001555 1
0.029152 1
0.030065 1
0.028647 1
0.031028 1
0.029249 1
0.029926 1
0.031467 1
0.028723 1
0.030999 1
0.029361 1
0.030131 1
0.030277 1
0.030135 1
0.028946 42
0.030460 1
0.030302 1
0.029569 1
0.029160 1
0.031568 1
0.029406 1
0.029600 1
0.031265 1
0.029421 1
0.030387 1
0.029467 1
0.029800 1
1.550936 5
0.028453 72
0.000955 59
0.000161 9
0.011161 45
0.001205 1973
0.000189 131
0.014812 100
0.004183 2010
0.000192 162
0.845412 22
0.100381 55
0.125000 21
0.000463 36
0.119115 21
0.000584 36
0.266626 21
0.002208 86
0.651079 37
0.270086 71
0.397448 36
0.122769 36
0.361350 36
0.120409 36
0.094385 36
0.552412 36
0.250559 36
0.744339 36
0.134347 38
0.104279 37
0.300411 37
0.772992 37
0.250999 37
9.562735 38
0.500650 38
0.030065 38
0.032677 38
0.027491 37
0.030318 36
0.030619 36
0.029206 36
0.200329 36
0.147638 36
0.138744 36
0.458069 36
0.187363 36
0.102595 36
0.149154 36
0.208013 36
0.061374 36
0.051833 38
0.122731 37
0.525412 37
0.103316 37
0.061322 37
0.134803 37
1.308259 37
0.558615 71
0.501164 36
0.104513 36
0.750496 36
1.032801 36
0.305481 36
0.347217 36
0.051700 36
0.131653 36
0.677232 36
0.146682 36
0.141598 38
0.062801 37
0.101003 37
0.084555 37
0.157169 37
0.892475 37
0.139876 37
0.048924 37
0.096483 37
3.174511 40
0.100345 17
0.003669 33
0.572895 55
0.422644 1
0.015475 1
0.823762 1
0.000040 14
0.000126 21
0.000194 17
0.001673 62
0.001320 60
0.000017 14
0.000052 33
0.000020 19
0.000021 56
1.761505 265
0.000790 17
2.050650 75
0.000016 55
0.000007 55
0.609585 1
0.600881 1
0.252945 1
0.172414 1
0.110112 1
0.224412 1
0.052672 1
0.223741 1
1.229903 1
0.708259 1
0.069968 1
6.688231 1
1.993435 4
0.499984 4
0.030284 4
0.068784 4
0.002833 4
0.029479 4
0.027900 4
0.030055 4
0.437859 4
0.130933 4
0.149225 4
0.468854 4
1.585112 1
1.849023 1
0.326525 1
0.146249 1
0.078937 1
0.123693 1
1.295577 1
0.141587 1
0.168264 1
0.168987 1
0.500690 1
1.246378 1
0.330415 1
0.500364 1
0.029644 1
0.029253 1
0.031239 1
0.029974 1
0.030184 1
0.029985 1
0.030148 1
0.034859 1
0.024776 1
0.030467 1
0.030260 1
0.029122 1
0.029784 1
0.029668 1
0.031098 1
0.029633 1
0.029205 1
0.031296 1
0.030175 1
0.028539 1
0.030723 1
0.030089 1
0.029799 1
0.029376 1
0.030492 1
0.030051 1
0.029474 1
0.030516 1
0.029692 1
0.031034 1
0.030086 1
0.030398 1
0.267746 1
0.332965 5
0.500078 5
0.031926 5
0.029177 5
0.030493 5
0.032480 5
0.027681 5
0.029966 5
0.028251 5
0.030289 5
0.029722 5
0.205489 5
0.377133 2
0.001515 15
1.976864 226
0.010089 313
0.001361 17
1.592887 110
0.000015 20
0.000008 55
0.711512 1
0.523765 1
0.250158 1
0.838030 212
0.489421 1
0.180864 1
0.167186 1
0.079424 1
0.127671 1
0.645592 1
0.337322 1
0.704780 1
1.209141 1
0.676646 2
0.000362 15
1.536436 226
0.007200 325
0.001055 17
5.959213 6
