0.347820 142
0.000214 5
1.069172 12
0.781604 1
0.043168 1
0.163592 1
0.090348 1
0.100370 1
0.108443 1
0.149924 1
0.061788 1
0.167777 1
0.535377 2
0.000314 15
1.097446 237
0.005838 142
0.000075 5
3.709518 1
0.050682 1
0.185056 1
0.142071 1
0.071779 1
0.147893 1
0.140242 1
0.058774 1
0.687920 1
1.464931 1
0.947903 388
0.000036 137
0.000051 177
0.000016 11
1.342539 1
0.212906 1
0.066004 1
0.094022 1
0.194988 1
0.759197 1
0.186057 3
1.084305 1
0.056642 1
0.120816 13
3.306714 2
0.000481 15
0.021256 66
0.004397 164
0.000084 5
9.760382 31
0.958833 1
6.651938 1
0.676983 1
1.633977 1
2.890506 1
0.456866 1
1.774741 15
2.947195 64
2.204884 2
0.000940 15
0.742438 48
0.100252 185
0.000014 5
2.558152 52
0.640349 1
0.500022 1
0.030011 1
0.030198 1
0.030374 1
0.030928 1
0.029514 1
0.030765 1
0.029025 1
0.030232 1
0.028805 1
0.031074 1
0.029462 1
0.030387 1
0.029581 1
0.029786 1
0.029721 1
0.031340 1
0.029314 1
0.030359 1
0.028873 1
0.032085 1
0.376993 3
0.739658 5
0.193141 5
0.295311 5
0.181135 8
0.951714 2
0.000813 15
0.045943 76
0.872762 76
0.000740 35
3.330363 1
0.000170 2
0.910163 192
0.000090 5
1.995585 59
0.287222 95
0.500467 2
0.000221 15
0.808321 48
0.102450 185
0.000106 5
3.747740 1
0.052824 1
0.103489 1
0.142023 1
0.071779 1
0.101333 1
0.160562 1
0.060469 1
0.190465 1
0.926514 1
0.513452 1
0.303637 1
0.248690 1
0.050465 1
0.113417 1
0.118747 1
0.126153 1
0.111432 1
0.639174 1
0.333322 1
0.270516 2
0.973224 1
0.883477 1
0.233116 1
0.266431 7
1.122912 1
0.071754 1
0.087309 13
1.627849 1
0.710577 1
0.162437 1
0.127195 6
1.289132 2
0.000449 15
0.987699 77
0.884880 237
0.000968 35
2.185842 1
0.000181 2
2.577969 185
0.000025 5
1.664398 12
1.050493 1
0.034572 1
0.093948 1
0.142487 1
0.055794 1
0.113956 1
0.131976 1
0.060944 1
0.162334 1
0.238148 2
0.000422 15
0.940557 237
0.005686 142
0.000093 5
1.136523 9
0.590316 1
0.581250 1
0.283229 1
0.904100 1
0.053844 1
0.136703 1
0.157012 1
0.070460 1
0.143025 1
0.114936 1
0.059046 1
0.154165 1
0.640954 1
0.201718 469
0.000114 256
0.742035 1
0.192054 1
0.065452 1
0.162450 1
0.114088 5
0.950107 1
0.028521 1
0.070998 13
1.219331 2
0.001663 15
1.657940 49
0.882544 49
0.885689 49
0.110795 181
2.781868 43
1.531652 1
0.185747 1
0.207710 1
0.132517 5
0.549940 2
0.000965 15
0.933582 76
0.926658 237
0.000806 35
1.276174 1
0.000175 2
2.684131 184
0.000025 5
2.627265 51
0.258646 11
1.332865 2
0.000179 15
1.674724 48
0.897979 48
0.890682 48
0.112938 176
0.000103 5
3.973482 12
0.902922 1
0.030232 1
0.163776 1
0.067811 1
0.088457 1
0.098906 1
0.159964 1
0.064331 1
0.509106 1
0.291828 1
0.925589 2
0.000419 15
0.923785 237
0.005803 143
0.000033 5
0.716931 10
0.906847 1
0.306535 1
0.214427 1
0.052973 1
0.076131 1
0.145316 1
0.057604 1
0.140788 1
0.138501 1
0.093442 1
0.842928 1
0.309713 1
0.080994 1
0.057620 1
0.996414 2
0.000624 15
1.764387 195
0.005850 160
0.000013 2
0.801602 24
1.162040 1
0.416957 1
0.309180 1
0.303605 1
0.061958 1
0.093716 1
0.235668 1
0.260229 1
0.204484 1
0.119515 1
0.173392 6
0.910546 2
0.000925 15
2.787534 159
0.005878 173
0.000104 5
1.142446 40
0.629296 4
0.115857 4
0.080703 4
0.140469 4
0.070905 4
0.098125 4
0.141861 4
0.207012 4
0.159272 4
0.441902 1
0.077214 1
0.281809 1
0.149416 1
0.086625 13
1.253196 1
0.294766 2
0.001677 15
4.484491 182
0.000079 5
1.134523 49
0.334758 31
2.055497 2
0.000186 15
2.734468 159
0.006306 173
0.000115 5
7.520588 1
0.042843 1
0.113984 1
0.154319 1
0.098024 1
0.116798 1
0.178369 1
0.065086 1
0.185220 1
2.901176 21
1.977048 2
0.000393 15
1.066472 316
0.005839 142
0.000028 5
5.873060 9
1.782951 2
0.000152 15
1.085635 237
0.000012 79
0.000015 158
0.005851 142
0.000117 5
9.393986 12
1.091455 1
0.072709 1
0.567357 1
0.182724 1
0.100114 1
0.144746 1
0.127714 1
0.063244 1
0.178272 1
0.219003 1
0.846820 1
0.119099 1
0.131007 1
0.051557 1
0.078216 1
0.536564 2
0.000300 15
1.110357 152
0.005835 148
0.000039 5
0.623900 15
0.680677 1
0.528096 1
0.298139 1
0.218187 1
0.043234 1
0.099461 1
0.126729 1
0.073262 1
0.110094 1
0.142597 1
0.049623 1
0.111263 1
0.299089 1
0.127508 1
0.106905 1
0.452024 2
0.000458 15
1.878360 60
0.834010 227
0.056777 71
2.752826 1
0.029916 1
0.578299 1
0.061972 1
0.059949 1
0.140017 1
0.298274 127
1.451881 8
0.000820 37
0.820574 60
0.889341 87
0.000143 140
0.079018 31
0.000766 38
0.769172 1
0.029968 1
0.169873 1
0.160166 1
0.048028 1
0.131951 1
2.780019 2
0.003656 62
0.001058 61
6.336421 8
0.000803 39
0.017947 163
0.000250 5
1.260144 12
2.160942 1
0.066596 1
0.066473 1
0.141409 1
0.071192 1
0.128457 1
0.147454 1
0.075006 1
0.914073 4
0.501019 4
0.028510 4
0.031087 4
0.029928 4
0.030372 4
0.028664 4
0.031373 4
0.028674 1
0.031910 1
0.028389 1
0.030695 1
0.029780 1
0.029955 1
0.029769 1
0.029847 1
0.029878 1
0.495714 1
0.047187 1
0.081978 1
0.147860 1
0.066379 1
0.118975 1
0.135427 1
0.051037 1
0.157205 1
0.185086 2
0.000412 15
1.054314 474
0.005817 142
0.000110 5
1.310046 9
11.936483 2
0.000093 2
0.014735 142
0.000378 5
0.488281 6
