0.394836 142
0.000784 17
0.870685 24
1.566778 1
0.050310 1
0.159684 1
0.128385 1
1.859791 1
0.081797 1
0.199856 1
0.065039 1
0.043699 1
0.202881 1
0.107482 1
0.070216 1
0.122832 1
0.669189 6
0.700826 1
0.033081 1
0.101897 1
0.068363 1
0.182642 1
0.313604 1
0.149420 1
0.246346 1
0.561375 3
0.673970 1
0.542495 3
0.000171 15
1.347500 51
0.000035 131
0.000036 39
0.000039 81
0.000021 117
0.000038 47
0.000037 39
0.000046 58
0.000041 27
0.000054 133
0.000017 41
0.000034 81
0.000016 57
0.000033 47
0.000030 39
0.000027 47
0.000013 11
0.000031 12
0.000051 148
0.000030 137
0.000032 57
0.000018 60
0.000031 57
0.000016 47
0.000033 39
0.000029 58
0.000033 12
0.000018 15
0.000021 132
0.000033 40
0.000017 81
0.000032 57
0.000016 60
0.000031 47
0.000032 39
0.000032 50
0.000031 8
0.000019 12
0.000017 15
0.000034 132
0.000033 40
0.000017 81
0.000035 57
0.000017 57
0.000035 47
0.000021 39
0.000041 58
0.000036 12
0.000023 15
0.000042 139
0.000019 47
0.000018 81
0.000036 57
0.000038 104
0.000046 39
0.000017 47
0.000034 23
0.000034 15
0.000031 141
0.000019 49
0.000017 81
0.000017 57
0.000016 57
0.000034 47
0.000036 39
0.000090 85
0.000019 141
0.000041 130
0.000019 57
0.000039 104
0.000043 39
0.000015 47
0.000015 11
0.000035 27
0.000044 166
0.000039 138
0.000021 117
0.000039 86
0.000036 58
0.000029 27
0.000035 168
0.000036 138
0.000018 60
0.000033 104
0.000038 86
0.000018 11
0.000022 27
0.000034 128
0.000022 117
0.000035 117
0.000033 104
0.000036 86
0.000018 11
0.000015 12
0.000016 15
0.000033 200
0.000037 81
0.000019 114
0.000032 47
0.000020 86
0.000034 23
0.000034 161
0.000033 135
0.000037 57
0.000017 57
0.000014 47
0.000035 86
0.000034 23
0.000031 15
0.000016 146
0.000016 54
0.000033 81
0.000031 57
0.000018 57
0.000017 47
0.000015 39
0.000032 58
0.000067 159
0.000034 121
0.000035 117
0.000034 104
0.000032 39
0.000032 58
0.000034 27
0.000036 128
0.000019 36
0.000018 81
0.000022 117
0.000033 57
0.000018 47
0.000017 39
0.000016 47
0.000036 23
0.000033 15
0.000033 170
0.000035 138
0.000033 117
0.000038 86
0.000036 47
0.000038 11
0.000021 27
0.000043 129
0.000019 118
0.000034 117
0.000035 104
0.000036 86
0.000032 23
0.000036 15
0.000019 200
0.000034 120
0.000033 117
0.000035 86
0.000038 58
0.000037 27
0.000033 200
0.000034 120
0.000046 104
0.000034 86
0.000032 23
0.000039 15
0.000037 130
0.000019 38
0.000018 57
0.000034 57
0.000021 47
0.000035 39
0.000018 47
0.000028 11
0.000017 12
0.000017 15
0.000047 130
0.000061 212
0.000034 47
0.000028 39
0.000036 47
0.000020 15
0.000017 8
0.000037 15
0.000032 133
0.000019 41
0.000020 57
0.000033 57
0.000015 47
0.000025 39
0.000025 47
0.000015 11
0.000029 12
0.000012 15
0.000009 125
0.000006 33
0.000011 57
0.000004 57
0.000009 47
0.000009 39
0.000008 47
0.000005 11
0.000009 12
0.000004 15
0.000013 125
0.000009 33
0.000005 57
0.000009 57
0.000008 47
0.000008 39
0.000009 47
0.000005 11
0.000010 12
0.000008 15
0.000010 125
0.000006 33
0.000010 57
0.000005 57
0.000010 47
0.000010 39
0.000009 47
0.000005 11
0.000010 12
0.000005 15
0.000011 135
0.000008 43
0.000007 57
0.000008 57
0.000008 47
0.000008 39
0.000009 47
0.000005 11
0.000010 12
0.000005 15
0.000011 125
0.000004 33
0.000005 57
0.000010 57
0.000005 47
0.000010 39
0.000008 47
0.000004 11
0.000008 12
0.000005 15
0.000008 126
0.000005 34
0.000010 57
0.000010 57
0.000008 47
0.000010 39
0.000010 58
0.000011 12
0.000010 15
0.000010 137
0.000005 45
0.000010 57
0.000005 57
0.000009 47
0.000009 39
0.000018 58
0.000010 12
0.000006 15
0.000009 137
0.000013 159
0.000011 47
0.000009 39
0.000010 47
0.000010 11
0.000006 12
0.000009 15
0.000010 125
0.000009 33
0.000005 57
0.000009 57
0.000009 47
0.000009 39
0.000010 47
0.000004 11
0.000010 12
0.000005 15
0.000011 139
0.000009 47
0.000007 57
0.000008 60
0.000005 57
0.000010 47
0.000009 39
0.000010 47
0.000005 11
0.000009 7
0.000008 3
0.000008 3
0.078148 163
0.000658 17
1.759022 30
1.218451 1
0.443468 1
0.243538 1
0.124598 1
0.109635 1
0.212189 1
0.139677 1
1.708653 2
0.000285 15
0.004489 25
0.781514 1031
8.536333 28
0.008737 170
0.000646 17
0.845173 37
0.637238 4
0.104538 4
0.093918 4
0.095535 4
0.092083 4
0.121057 4
0.955807 1
0.102948 1
0.230438 1
0.133277 1
0.290363 1
0.057771 1
0.057782 1
0.060156 1
1.359515 1
0.612703 1
0.143506 1
0.071728 1
0.194831 1
0.103602 1
0.275561 1
0.120203 1
0.301462 1
0.136539 1
0.158136 1
0.678270 1
0.115493 1
0.101382 1
0.183098 1
1.468198 1
0.384787 1
0.380394 1
1.973177 1
0.401764 1
0.499982 1
0.030307 1
0.029728 1
0.031087 1
0.029600 1
0.029626 1
0.030138 1
0.030241 1
0.030062 1
0.030349 1
0.029183 1
0.029969 1
0.029653 1
0.030833 1
0.029828 1
0.029577 1
0.247982 1
0.288320 41
0.425690 37
0.262051 2
0.001325 15
0.843979 374
0.000033 31
0.000039 45
0.093462 191
0.000735 17
1.387799 24
0.986930 58
0.545773 2
0.000182 15
0.764290 405
0.000106 45
0.091471 191
0.000697 17
1.882518 58
0.641959 1
0.147708 1
1.011494 3
0.688968 3
0.793614 3
2.135841 1
1.697242 2
0.040533 72
0.000685 59
0.000087 8
0.006654 45
0.000675 2271
0.008605 100
0.000857 1971
0.000046 355
0.894421 22
0.100245 55
0.654659 22
0.100329 55
0.327348 21
0.001310 86
0.282309 40
0.100232 17
0.001135 33
2.880696 22
0.000916 86
1.156589 64
0.875843 45
0.117209 45
0.576583 45
0.065246 45
0.111887 45
0.759218 46
0.124647 46
0.431556 45
0.086759 45
0.199909 45
0.097171 45
0.441005 45
0.134646 47
0.218574 46
0.237036 46
1.170950 46
0.407835 64
0.668063 45
0.120234 45
0.685221 45
0.120350 45
0.105905 45
0.140172 45
0.246785 45
0.072800 45
0.058177 47
0.114187 46
0.621871 46
0.108464 46
0.059753 46
0.129726 46
0.675948 48
0.132098 48
0.111920 48
0.484054 46
0.038345 46
0.072274 46
1.899645 46
1.037954 64
0.503612 45
0.117492 45
0.414189 45
0.208257 45
0.058210 45
0.235108 45
0.539271 45
0.140509 45
0.240236 47
0.055240 46
0.100973 46
0.173935 46
4.684548 46
0.259676 46
0.036853 46
0.162996 46
2.059411 46
0.627656 48
0.322927 40
0.100341 17
0.001262 33
0.105856 22
0.000606 41
0.160215 22
0.000582 41
0.397143 22
0.000500 86
0.145752 71
0.337780 36
0.120721 36
0.378170 36
0.133097 36
0.071611 36
0.179629 36
0.107952 36
0.573489 36
0.079167 38
0.092421 37
0.055639 37
0.180537 37
0.126699 37
0.945840 37
6.480240 40
0.100318 17
0.001269 33
0.377893 22
0.000552 38
0.103379 22
0.000474 38
0.686917 22
0.001337 86
1.429843 39
1.559936 129
0.429331 38
0.769476 39
0.739240 64
1.195633 59
0.551358 38
0.100326 16
0.001175 31
0.270320 54
0.150458 1
0.036194 1
0.249926 1
0.000060 14
0.000149 21
0.000238 17
0.002195 33
0.000028 29
0.001853 130
1.376795 91
0.091984 17
4.316855 133
2.938284 496
0.749466 76
0.359271 1
0.500002 1
0.030473 51
0.031631 1
0.028843 1
0.029853 1
0.030537 1
0.030327 1
0.028609 1
0.029720 1
0.031927 1
0.028686 1
0.029983 1
0.030099 1
0.030222 1
0.028830 1
0.030444 1
0.029806 1
0.030152 1
0.030259 48
0.030539 1
0.028991 1
0.030419 1
0.030006 1
0.030572 1
0.030596 1
0.029162 1
0.029863 1
0.029820 1
0.030008 1
0.029693 1
0.029600 1
0.031164 1
0.030409 1
0.028660 1
0.030902 45
0.030060 1
0.028775 1
0.031609 1
0.029548 1
0.030072 1
0.029485 1
0.029479 1
0.030986 1
0.030190 1
0.029486 1
0.030506 1
0.028619 1
0.031206 1
0.029981 1
0.029835 39
0.029649 1
0.030237 1
0.030558 1
0.029270 1
0.030152 1
0.143448 1
0.167957 1
0.166561 1
0.111913 1
0.500109 1
0.030331 1
0.029840 1
0.030678 222
0.030766 1
0.030585 1
0.028739 1
0.165738 1
0.426505 3
0.339802 11
0.541100 13
0.000400 15
0.823698 123
0.000089 104
0.000065 14
0.000018 24
0.000015 28
0.000058 58
0.000061 59
0.000024 52
0.000083 65
0.000054 58
0.000042 38
0.000046 80
0.000018 6
0.000018 8
0.000035 32
0.000019 28
0.000016 52
0.000038 14
0.000040 32
0.000017 28
0.000015 37
0.000022 15
0.000019 6
0.000013 8
0.000034 20
0.000017 28
0.000017 37
0.000014 15
0.000037 14
0.000036 49
0.000035 52
0.000039 14
0.000059 47
0.000033 52
0.000014 6
0.000032 45
0.000032 65
0.000032 15
0.000019 14
0.000035 37
0.000017 28
0.000018 37
0.000028 21
0.000039 8
0.000018 37
0.000021 65
0.000040 21
0.000041 11
0.000019 48
0.000035 52
0.000039 14
0.000041 47
0.000034 52
0.000032 14
0.000033 50
0.000018 52
0.000033 14
0.000030 48
0.000036 52
0.000032 14
0.000040 37
0.000018 28
0.000016 37
0.000029 21
0.000031 8
0.000043 38
0.000046 27
0.000047 58
0.000037 29
0.000037 65
0.000039 21
0.000040 8
0.000020 21
0.000021 65
0.000038 21
0.000041 32
0.000056 65
0.000019 21
0.000039 24
0.000041 65
0.000036 21
0.000032 8
0.000020 16
0.000019 65
0.000041 21
0.000041 24
0.000035 65
0.000038 21
0.000034 8
0.000033 54
0.000037 52
0.000019 6
0.000017 8
0.000020 44
0.000045 52
0.000039 14
0.000042 82
0.000036 29
0.000037 93
0.000032 21
0.000018 8
0.000023 28
0.000018 80
0.000037 14
0.000019 16
0.000017 65
0.000033 29
0.000033 58
0.000017 52
0.000032 9
0.000033 3
0.096877 260
0.000707 17
3.336132 24
0.543218 132
1.094777 1
2.572965 1
0.129502 1
0.671465 1
0.058518 1
0.181528 1
0.111190 1
0.043498 1
0.164661 1
0.069325 1
0.636120 1
0.072997 1
0.160020 1
0.133954 1
0.776068 2
0.000506 15
0.761355 233
0.000119 58
0.000076 199
0.000057 55
0.000164 182
0.000101 202
0.000084 54
0.000064 112
0.000065 72
0.000047 72
0.000056 56
0.000053 56
0.000063 59
0.000052 102
0.000048 51
0.000038 61
0.000053 51
0.000021 52
0.000045 126
0.000047 51
0.000038 65
0.093325 274
0.000623 17
6.698853 146
0.911019 1
0.670317 1
0.260663 1
0.684204 1
0.063616 1
0.108847 1
0.268520 1
0.149726 1
0.166673 1
0.101287 1
0.532867 1
0.338492 1
0.902974 2
0.000454 15
1.012393 375
0.000015 73
0.000004 2
0.000011 75
0.000017 150
0.000015 150
0.000067 600
0.000015 150
0.000013 75
0.000011 75
0.000006 75
0.000011 75
0.000034 375
0.000012 75
0.000006 75
0.000012 75
0.005281 286
0.000710 17
4.203084 158
0.891664 1
0.594432 1
0.283915 1
0.236313 1
0.114679 1
0.237481 1
0.075233 1
0.121596 1
1.052681 1
0.543807 1
4.811843 1
0.798828 1
3.654671 2
0.000499 15
0.960711 2175
0.000016 300
0.005477 298
0.000704 17
5.659308 6
