0.335261 142
0.000814 17
0.891207 24
1.972873 1
0.043568 1
0.127401 1
0.120546 1
0.104448 1
0.107977 1
0.121093 1
0.071260 1
0.219035 1
1.511371 2
0.000337 15
1.042342 237
0.005622 142
0.000726 17
11.725311 9
0.494022 4
0.737903 1
1.462476 1
1.200649 232
0.000034 156
0.000019 81
0.000053 116
0.000043 114
0.000030 26
12.951135 1
0.177503 1
1.089710 1
1.129693 1
5.598233 1
0.857237 1
1.202121 1
0.577924 1
1.894968 16
1.130852 2
0.001700 15
0.955056 61
2.540174 68
10.040308 39
0.016185 166
0.000611 17
5.766689 6
