0.653424 199
0.003196 17
0.628103 24
0.991771 1
0.047958 1
0.152269 1
0.093993 1
0.190055 1
0.047354 1
0.208298 1
0.070226 1
0.063920 1
0.194322 1
0.081786 1
0.098439 1
0.072070 1
1.075846 6
0.577546 1
0.054077 1
0.128811 1
0.114736 1
0.201335 1
0.196790 1
1.198489 1
0.000027 4
0.000018 8
0.000033 4
0.493696 1
0.313734 1
0.984864 2
0.297370 1
0.514440 4
0.293371 1
0.199630 1
0.081332 1
0.170593 1
0.100056 1
0.110388 1
0.224671 2
0.000267 15
2.124264 36
0.000137 185
0.000177 198
0.000042 47
0.000045 39
0.000057 47
0.000020 11
0.000039 12
0.000036 15
0.000052 133
0.000055 41
0.000072 138
0.000057 47
0.000053 39
0.000044 47
0.000050 11
0.000037 12
0.000038 15
0.000040 133
0.000037 41
0.000050 96
0.000069 57
0.000041 60
0.000038 57
0.000041 47
0.000050 39
0.000049 47
0.000027 11
0.000044 12
0.000035 15
0.000050 132
0.000036 40
0.000045 81
0.000047 57
0.000037 60
0.000041 47
0.000051 39
0.000043 47
0.000042 11
0.000023 12
0.000034 15
0.000036 132
0.000037 40
0.000035 81
0.000036 57
0.000050 57
0.000046 47
0.000037 39
0.000033 47
0.000030 11
0.000030 12
0.000031 15
0.000036 139
0.000039 47
0.000034 81
0.000035 57
0.000032 57
0.000040 47
0.000039 39
0.000032 47
0.000030 11
0.000030 12
0.000031 15
0.000042 141
0.000035 49
0.000034 81
0.000032 57
0.000032 57
0.000089 86
0.000034 47
0.000030 11
0.000030 12
0.000048 15
0.000040 141
0.000042 49
0.000035 81
0.000034 57
0.000031 57
0.000035 47
0.000043 39
0.000039 47
0.000032 11
0.000030 12
0.000029 15
0.000041 129
0.000035 37
0.000031 81
0.000032 57
0.000034 60
0.000031 57
0.000032 47
0.000038 39
0.000037 47
0.000033 11
0.000016 12
0.000037 15
0.000044 130
0.000036 38
0.000039 81
0.000034 57
0.000032 60
0.000048 57
0.000035 47
0.000044 39
0.000040 47
0.000020 11
0.000031 12
0.000030 15
0.000036 128
0.000033 36
0.000035 81
0.000035 57
0.000037 60
0.000031 57
0.000032 47
0.000038 39
0.000040 47
0.000032 11
0.000030 12
0.000030 15
0.000038 146
0.000034 54
0.000038 81
0.000037 57
0.000031 57
0.000031 47
0.000038 39
0.000038 47
0.000032 11
0.000029 12
0.000052 15
0.000037 146
0.000038 54
0.000037 81
0.000032 57
0.000041 57
0.000017 47
0.000044 39
0.000040 47
0.000030 11
0.000036 12
0.000026 15
0.000036 146
0.000050 54
0.000024 81
0.000037 57
0.000031 57
0.000030 47
0.000053 39
0.000036 47
0.000017 11
0.000033 12
0.000029 15
0.000038 132
0.000035 40
0.000034 81
0.000035 57
0.000038 60
0.000054 57
0.000031 47
0.000042 39
0.000037 47
0.000033 11
0.000031 12
0.000030 15
0.000042 128
0.000031 36
0.000035 81
0.000033 57
0.000054 60
0.000029 57
0.000022 47
0.000037 39
0.000039 47
0.000032 11
0.000029 12
0.000030 15
0.000038 131
0.000032 39
0.000035 81
0.000034 57
0.000035 60
0.000035 57
0.000035 47
0.000042 39
0.000037 47
0.000046 11
0.000035 12
0.000031 15
0.000036 129
0.000032 37
0.000031 81
0.000031 57
0.000031 60
0.000029 57
0.000029 47
0.000036 39
0.000040 47
0.000031 11
0.000032 12
0.000019 15
0.000048 146
0.000042 54
0.000016 63
0.000037 57
0.000035 60
0.000034 57
0.000033 47
0.000042 39
0.000035 47
0.000031 11
0.000028 12
0.000029 15
0.000041 146
0.000033 54
0.000035 63
0.000048 57
0.000033 57
0.000030 47
0.000038 39
0.000039 47
0.000031 11
0.000029 12
0.000039 15
0.000045 130
0.000021 38
0.000041 57
0.000038 57
0.000018 47
0.000050 39
0.000048 47
0.000030 11
0.000015 12
0.000047 15
0.000034 130
0.000030 38
0.000031 57
0.000030 60
0.000031 57
0.000030 47
0.000036 39
0.000037 47
0.000031 11
0.000015 12
0.000040 15
0.000052 133
0.000036 41
0.000034 57
0.000035 57
0.000034 47
0.000043 39
0.000038 47
0.000032 11
0.000014 12
0.000039 15
0.000048 125
0.000035 33
0.000038 57
0.000039 57
0.000019 47
0.000041 39
0.000036 47
0.000031 11
0.000030 12
0.000030 15
0.000035 125
0.000033 33
0.000031 57
0.000029 57
0.000030 47
0.000036 39
0.000041 47
0.000032 11
0.000015 12
0.000038 15
0.000062 125
0.000034 33
0.000033 57
0.000030 57
0.000031 47
0.000038 39
0.000036 47
0.000033 11
0.000030 12
0.000031 15
0.000037 135
0.000036 43
0.000037 57
0.000036 57
0.000059 47
0.000023 39
0.000065 58
0.000030 12
0.000055 15
0.000018 125
0.000035 33
0.000032 57
0.000032 57
0.000033 47
0.000044 39
0.000038 47
0.000019 11
0.000102 27
0.000021 126
0.000051 34
0.000039 57
0.000019 57
0.000038 47
0.000040 39
0.000036 47
0.000019 11
0.000037 12
0.000021 15
0.000047 137
0.000038 45
0.000034 57
0.000016 57
0.000041 47
0.000040 39
0.000040 47
0.000049 23
0.000037 15
0.000042 137
0.000033 45
0.000033 57
0.000034 57
0.000021 47
0.000049 39
0.000037 47
0.000050 11
0.000022 12
0.000039 15
0.000034 125
0.000034 33
0.000070 57
0.000035 57
0.000033 47
0.000036 39
0.000082 58
0.000042 27
0.000065 139
0.000026 47
0.000045 57
0.000023 60
0.000073 104
0.000085 86
0.000040 11
0.000059 10
0.000051 3
0.222461 163
0.002381 17
3.437036 24
0.419582 30
0.667495 1
0.559076 1
0.336274 1
0.499347 1
0.073073 1
0.220554 1
0.071731 1
0.106984 1
0.621172 1
0.425820 1
0.052545 1
2.127735 2
0.000083 2
0.007888 163
0.001142 17
0.387155 6
